1	1.286
2	-1.496
3	1.32
4	1.097
5	-1.402
6	-0.243
7	-0.364
8	-0.542
9	-0.411
10	1.378
11	1.604
12	-1.046
13	-1.386
14	-0.822
15	-0.363
16	-0.267
17	1.731
18	0.132
19	1.158
20	-0.456
21	1.887
22	-0.118
23	0.362
24	-0.601
25	-0.821
26	1.616
27	0.631
28	1.21
29	0.231
30	0.067
31	-1.029
32	0.762
33	1.197
34	-0.588
35	0.763
36	1.663
37	-0.329
38	-0.859
39	-1.117
40	0.338
41	-1.349
42	1.703
43	-0.902
44	1.134
45	-0.116
46	1.106
47	1.704
48	-0.671
49	1.434
50	1.358
51	-0.759
52	-0.362
53	-0.249
54	-0.232
55	-0.384
56	-0.455
57	0.991
58	-1.064
59	0.615
60	1.12
61	-0.274
62	1.734
63	-0.32
64	-0.462
65	0.457
66	1.466
67	-0.013
68	1.763
69	-0.638
70	-0.486
71	-1.077
72	0.397
73	0.921
74	0.242
75	-1.042
76	-0.411
77	1.661
78	-0.844
79	1.352
80	-0.542
81	1.003
82	-0.328
83	-0.258
84	0.924
85	2.417
86	0.734
87	-0.818
88	-0.677
89	-0.093
90	-0.152
91	1.474
92	0.782
93	0.47
94	1.761
95	0.073
96	-0.366
97	-1.417
98	0.604
99	0.09
100	-0.417
101	0.007
102	1.082
103	0.592
104	-0.855
105	-0.455
106	-0.224
107	-0.066
108	-0.897
109	-0.275
110	-0.456
111	0.98
112	1.315
113	0.098
114	1.402
115	-0.403
116	-0.51
117	-0.149
118	-0.012
119	-0.285
120	-0.726
121	-0.474
122	-1.036
123	-0.542
124	1.274
125	1.058
126	-1.174
127	1.245
128	0.366
129	-0.599
130	-0.48
131	0.712
132	0.209
133	0.062
134	1.024
135	0.644
136	1.371
137	-0.384
138	1.562
139	0.835
140	1.538
141	-1.614
142	-0.628
143	0.996
144	0.841
145	-1.169
146	-0.934
147	0.528
148	1.369
149	0.154
150	1.541
151	0.05
152	-0.367
153	-0.704
154	-0.126
155	-0.145
156	-0.578
157	1.604
158	-0.306
159	-0.403
160	-0.334
161	1.539
162	0.085
163	-0.385
164	1.542
165	-0.479
166	0.291
167	0.778
168	1.517
169	-1.179
170	0.497
171	-0.52
172	-0.566
173	1.344
174	0.091
175	-0.432
176	1.335
177	-0.608
178	-0.437
179	1.388
180	1.36
181	-0.292
182	1.388
183	-0.525
184	-0.513
185	-0.602
186	-0.417
187	0.956
188	0.038
189	0.398
190	-0.97
191	-0.26
192	-1.473
193	0.333
194	1.56
195	-0.072
196	1.209
197	0.311
198	-0.308
199	0.93
200	-0.959
201	-0.143
202	0.995
203	-0.769
204	1.032
205	1.324
206	-0.94
207	-1.484
208	-0.897
209	1.27
210	-0.547
211	-1.041
213	0.432
214	1.03
215	0.58
216	1.392
217	-0.146
218	-1.16
219	-0.293
220	-1.102
221	0.663
222	-0.182
223	1.607
224	0.309
225	1.017
226	0.205
227	1.479
228	-0.067
229	-0.998
230	0.103
231	1.451
232	0.872
233	1.505
234	0.35
235	1.248
236	-0.458
237	0.87
238	-0.862
239	-0.803
240	-0.209
241	1.733
242	-0.367
243	-0.567
244	-1.509
245	1.303
246	0.7
247	0.627
248	0.154
249	-0.958
250	-0.651
251	0.334
252	0.315
253	-0.452
254	0.195
255	-0.451
256	0.017
257	-0.39
258	1.478
259	1.653
260	1.748
261	-0.665
262	-0.103
263	0.39
264	-0.217
265	-0.273
266	1.606
267	-0.901
268	-0.499
269	-0.097
270	1.505
271	-0.168
272	-0.19
273	-0.322
274	1.102
275	-0.115
276	-0.423
277	-0.422
278	-1.075
279	-0.464
280	-0.533
281	-0.146
282	-1.657
283	1.539
284	0.349
285	1.484
286	0.671
287	1.992
288	-0.56
289	-0.348
290	1.052
291	-0.554
292	-0.677
293	0.837
294	-1.005
295	1.227
296	1.715
297	-0.368
298	0.66
299	0.843
300	1.836
301	-1.03
302	-0.884
303	1.251
304	-1.527
305	-0.566
306	-0.1
307	-0.738
308	0.029
309	-0.133
310	-0.255
311	1.384
312	-0.131
313	0.035
314	-0.097
315	-0.27
316	-1.32
317	1.445
318	-0.679
319	1.066
320	-0.486
321	0.915
322	0.015
323	1.272
324	0.916
325	0.595
326	-1.177
327	-0.596
328	1.351
329	2.023
330	1.219
331	1.838
332	-0.296
333	-0.928
334	-0.041
335	-0.1
336	-0.568
337	-0.801
338	0.922
339	2.09
340	0.186
341	-0.304
342	0.343
343	-0.589
344	-0.568
345	1.63
346	1.322
347	1.665
348	1.323
349	1.086
350	-0.892
351	-0.077
352	1.275
353	0.948
354	-0.712
355	-0.484
356	0.392
357	0.652
358	1.993
359	1.376
360	0.445
361	1.458
362	-0.994
363	1.736
364	-0.497
365	-0.865
366	0.523
367	0.615
368	-1.073
369	0.428
370	0.007
371	-0.933
372	-0.585
373	-0.004
374	-1.25
375	-0.572
376	1.613
377	-0.152
378	-0.858
379	-0.538
380	0.134
381	0.093
382	1.691
383	0.714
384	0.066
385	-0.212
386	-0.46
387	-0.36
388	1.437
389	-0.571
390	-0.477
391	-0.151
392	0.9
393	0.318
394	1.176
395	-0.298
396	-1.054
397	0.489
398	1.339
399	-1.333
400	0.84
401	-0.593
402	0.372
403	-1.851
404	1.187
405	0.712
406	-0.025
407	1.447
408	-0.073
409	1.447
410	-0.115
411	-0.334
412	-0.629
413	-0.684
414	1.395
415	0.229
416	-0.802
417	-0.706
418	1.567
419	-0.078
420	-1.083
421	-0.53
422	1.591
423	-0.509
424	0.084
425	-0.217
