1	0.0330000000000001
2	-0.032
3	-0.004
4	0.018
5	0.00900000000000012
6	-0.018
7	0.005
8	-0.029
9	-0.004
10	0.0649999999999999
11	0.0210000000000001
12	-0.0570000000000001
13	-0.00299999999999989
14	-0.001
15	-0.019
16	-0.00900000000000001
17	0.00700000000000012
18	0.109
19	0.002
20	0.002
21	-0.002
22	-0.01
23	0.039
24	0.0710000000000001
25	0.001
26	1.005
27	-0.002
28	-0.0469999999999999
29	-0.001
30	0.002
31	-0.004
32	-0.00600000000000001
33	0.00500000000000012
34	0.001
35	0.00600000000000001
36	-0.00099999999999989
37	0.012
38	-0.001
39	0.00100000000000011
40	-0.004
41	0
42	0.00300000000000011
43	0
44	-0.0130000000000001
45	-0.063
46	0.00100000000000011
47	-0.00500000000000012
48	-0.003
49	0.0089999999999999
50	0.032
51	-0.001
52	0.001
53	0.013
54	-0.004
55	0.011
56	-0.00800000000000001
57	0.00600000000000001
58	0.00499999999999989
59	-0.00600000000000001
60	0.018
61	-0.004
62	-0.00300000000000011
63	0.012
64	-0.001
65	-0.003
66	0.00299999999999989
67	0.002
68	0.00299999999999989
69	0.003
70	-0.032
71	-0.00600000000000001
72	-0.051
73	-0.002
74	0.005
75	0.00600000000000001
76	0.004
77	0.00100000000000011
78	-0.18
79	0.002
80	0.00900000000000001
81	0.00099999999999989
82	-0.002
83	-0.013
84	0.002
85	0.0789999999999997
86	0.001
87	0.012
88	-0.004
89	-0.00700000000000001
90	-0.004
91	0.002
92	0
93	0
94	0.0169999999999999
95	0.00299999999999999
96	-0.022
97	0.00099999999999989
98	-0.055
99	-0.001
100	-0.00600000000000001
101	0
102	-0.00800000000000001
103	-0.004
104	-0.014
105	0.164
106	-0.013
107	0.001
108	0.001
109	-0.004
110	0.036
111	0.002
112	0.00299999999999989
113	0.001
114	-0.00300000000000011
115	-0.005
116	-0.002
117	-0.207
118	-0.041
119	0.047
120	-0.0549999999999999
121	-0.002
122	-0.00300000000000011
123	-0.00800000000000001
124	-0.0069999999999999
125	-0.016
126	-0.012
127	0.00300000000000011
128	-0.07
129	-0.01
130	0
131	0.00700000000000001
132	-0.013
133	0.016
134	-0.00299999999999989
135	0
136	-0.0129999999999999
137	-0.001
138	0
139	-0.037
140	0.004
141	-0.014
142	-0.036
143	0.001
144	-0.0710000000000001
145	-0.0150000000000001
146	-0.004
147	0.004
148	0.002
149	-0.018
150	0.00299999999999989
151	-0.000999999999999994
152	-0.011
153	0.001
154	-0.00700000000000001
155	-0.002
156	-0.002
157	-0.004
158	0.001
159	0.00399999999999995
160	-0.001
161	0.002
162	-0.00599999999999999
163	0.017
164	-0.0109999999999999
165	-0.018
166	0.00700000000000001
167	0.014
168	-0.128
169	0.00099999999999989
170	0.412
171	0.014
172	0.018
173	0.171
174	-0.085
175	0.034
176	0.002
177	0.001
178	0
179	0
180	0.00500000000000012
181	0
182	-0.004
183	-0.01
184	-0.003
185	0
186	-0.002
187	0.001
188	-0.002
189	-0.021
190	-0.00700000000000001
191	-0.00800000000000001
192	-0.024
193	0
194	-0.004
195	0.002
196	0.002
197	0.047
198	0.002
199	0
200	0.003
201	-0.052
202	-0.001
203	0.001
204	-0.0149999999999999
205	-0.00099999999999989
206	0
207	0.00100000000000011
208	-0.027
209	0.00100000000000011
210	-0.022
211	0
213	0
214	-0.00600000000000001
215	0.002
216	-0.00100000000000011
217	0.014
218	-0.004
219	0.00600000000000001
220	-0.0110000000000001
221	0.118
222	0
223	-0.016
224	-0.039
225	0
226	-0.135
227	-0.0509999999999999
228	0.00699999999999999
229	-0.003
230	0.111
231	0.00600000000000001
232	-0.003
233	0.0399999999999998
234	-0.012
235	-0.01
236	0.00800000000000001
237	0.001
238	0.001
239	0.004
240	-0.005
241	-0.002
242	0.002
243	-0.0109999999999999
244	0.01
245	-0.004
246	0.002
247	-0.002
248	-0.049
249	-0.003
250	-0.015
251	-0.003
252	0.00900000000000001
253	0.002
254	0.017
255	-0.00600000000000001
256	-0.007
257	-0.002
258	0.002
259	-0.004
260	0.00099999999999989
261	0.017
262	-0.035
263	-0.004
264	-0.017
265	0.00600000000000001
266	-0.00299999999999989
267	-0.015
268	0.00700000000000001
269	-0.005
270	0.0089999999999999
271	0.001
272	-0.001
273	0.243
274	-0.00299999999999989
275	0.00499999999999999
276	0.001
277	0.00600000000000001
278	0.00100000000000011
279	0.00599999999999995
280	0.003
281	0.004
282	-0.0409999999999999
283	0.0419999999999998
284	0.00599999999999995
285	0.0129999999999999
286	0.021
287	-0.00100000000000011
288	-0.00700000000000001
289	-0.011
290	-0.002
291	0.0579999999999999
292	-0.036
293	0.005
294	0.0470000000000002
295	0
296	0.004
297	-0.001
298	-0.001
299	0.001
300	0.00600000000000001
301	0.002
302	-0.004
303	0.00499999999999989
304	-0.0279999999999998
305	0.001
306	0.041
307	0
308	-0.038
309	-0.003
310	0.00600000000000001
311	0.00299999999999989
312	0.001
313	-0.005
314	0.001
315	0.001
316	-0.0470000000000002
317	-0.00099999999999989
318	-0.002
319	-0.261
320	-0.00600000000000001
321	0.05
322	-0.006
323	0.00600000000000001
324	0.003
325	0.002
326	0
327	0.016
328	0
329	0.00500000000000034
330	0
331	-0.004
332	-0.06
333	0.005
334	-0.016
335	-0.02
336	-0.0219999999999999
337	-0.0890000000000001
338	-0.0489999999999999
339	-0.00200000000000022
340	-0.004
341	0.001
342	0.00600000000000001
343	-0.0429999999999999
344	0.001
345	-0.004
346	0.002
347	-0.00800000000000001
348	0.004
349	0.0310000000000001
350	0
351	-0.064
352	-0.00800000000000001
353	-0.012
354	-0.0529999999999999
355	0.003
356	0.001
357	0.012
358	0.00100000000000011
359	-0.231
360	0.087
361	-0.314
362	0.026
363	-0.002
364	0
365	-0.029
366	-0.00600000000000001
367	-0.00900000000000001
368	-0.0229999999999999
369	-0.028
370	-0.002
371	-0.00700000000000001
372	-0.014
373	0.003
374	-0.0069999999999999
375	0
376	-0.00300000000000011
377	-0.018
378	0.005
379	0
380	-0.112
381	-0.001
382	-0.002
383	-0.023
384	-0.086
385	-0.002
386	-0.01
387	0
388	0.0470000000000002
389	0.002
390	0.015
391	-0.01
392	-0.013
393	-0.014
394	0
395	-0.00600000000000001
396	0.0289999999999999
397	0.109
398	-0.00600000000000001
399	0.085
400	0.126
401	-0.134
402	0.005
403	0.00100000000000011
404	0.00100000000000011
405	-0.003
406	-0.001
407	-0.014
408	-0.082
409	0.00300000000000011
410	-0.208
411	0.001
412	-0.014
413	0
414	0.00100000000000011
415	-0.029
416	-0.001
417	-0.0459999999999999
418	-0.00600000000000001
419	0.084
420	-0.004
421	0.005
422	-0.00600000000000001
423	0
424	0.059
425	0.019
