#Res ChainRes DensityRes AA NativeEnergy DecoyEnergy SDEnergy FrstIndex
1 A 3.040 V -3.160 -1.175 1.543 1.286
2 A 0.155 Q 0.342 -1.163 1.006 -1.496
3 A 4.736 L -7.675 -2.797 3.697 1.320
4 A 1.087 V -2.979 -2.123 0.781 1.097
5 A 6.010 E 3.048 -2.392 3.881 -1.402
6 A 1.981 S -1.316 -1.515 0.819 -0.243
7 A 1.876 G -1.218 -1.608 1.072 -0.364
8 A 2.547 G -1.009 -2.396 2.559 -0.542
9 A 2.544 G -0.865 -1.761 2.177 -0.411
10 A 1.700 L -2.751 -1.758 0.720 1.378
11 A 2.001 I -6.310 -2.420 2.426 1.604
12 A 0.987 Q -0.474 -1.481 0.963 -1.046
13 A 4.900 P 2.136 -0.928 2.211 -1.386
14 A 2.000 G -1.314 -1.943 0.765 -0.822
15 A 1.083 G -1.287 -1.857 1.571 -0.363
16 A 1.915 S -1.814 -1.981 0.627 -0.267
17 A 1.873 L -7.230 -3.102 2.385 1.731
18 A 1.990 R -1.849 -1.756 0.705 0.132
19 A 3.121 L -5.349 -2.138 2.772 1.158
20 A 4.022 S -0.308 -1.317 2.215 -0.456
21 A 2.684 C -8.545 -2.303 3.307 1.887
22 A 1.969 A -2.142 -2.274 1.111 -0.118
23 A 2.047 A -4.799 -3.978 2.268 0.362
24 A 0.171 S -1.004 -1.642 1.063 -0.601
25 A 1.024 G -1.067 -1.462 0.481 -0.821
26 A 1.005 L -3.259 -1.762 0.926 1.616
27 A 0.893 T -1.263 -0.823 0.697 0.631
28 A 3.043 V -4.380 -1.327 2.524 1.210
29 A 0.109 S -1.775 -1.594 0.784 0.231
30 A 1.000 S -1.430 -1.396 0.508 0.067
31 A 2.006 N 0.874 -1.761 2.561 -1.029
32 A 3.990 Y -3.511 -1.540 2.588 0.762
33 A 4.160 M -6.189 -1.942 3.549 1.197
34 A 3.337 S 0.024 -2.728 4.683 -0.588
35 A 4.901 W -8.087 -3.652 5.810 0.763
36 A 2.200 V -8.776 -3.307 3.288 1.663
37 A 1.460 R -1.877 -2.717 2.552 -0.329
38 A 1.990 Q -1.255 -2.842 1.848 -0.859
39 A 1.332 A -1.344 -2.389 0.935 -1.117
40 A 0.008 P -1.765 -1.553 0.625 0.338
41 A 0.000 G -0.444 -0.867 0.314 -1.349
42 A 0.000 K -2.416 -1.338 0.633 1.703
43 A 0.994 G -1.337 -2.123 0.871 -0.902
44 A 1.502 L -4.409 -2.539 1.649 1.134
45 A 0.028 E -2.518 -2.661 1.232 -0.116
46 A 3.342 W -4.392 -1.088 2.987 1.106
47 A 1.915 V -7.663 -2.425 3.073 1.704
48 A 3.756 S 0.935 -1.951 4.298 -0.671
49 A 3.653 V -6.077 -1.524 3.174 1.434
50 A 2.938 I -5.241 -1.485 2.766 1.358
51 A 1.000 Y -1.196 -2.051 1.127 -0.759
52 A 2.995 S -0.637 -1.128 1.356 -0.362
53 A 0.000 G -0.987 -1.207 0.884 -0.249
54 A 0.000 G -1.422 -1.647 0.970 -0.232
55 A 0.000 S -0.685 -1.028 0.892 -0.384
56 A 0.000 T -0.096 -1.016 2.023 -0.455
57 A 1.965 F -3.602 -2.021 1.595 0.991
58 A 0.993 Y -0.744 -2.595 1.740 -1.064
59 A 2.344 A -2.524 -1.089 2.332 0.615
60 A 0.035 D -0.822 -0.306 0.461 1.120
61 A 0.003 S -2.214 -2.618 1.478 -0.274
62 A 1.410 V -5.767 -2.887 1.661 1.734
63 A 0.000 K -0.973 -1.159 0.582 -0.320
64 A 0.000 G -1.012 -1.387 0.811 -0.462
65 A 2.107 R -2.641 -2.100 1.183 0.457
66 A 3.543 F -5.253 -1.302 2.695 1.466
67 A 0.029 T -1.715 -1.730 1.123 -0.013
68 A 2.059 I -9.530 -2.954 3.731 1.763
69 A 0.006 S -1.030 -1.822 1.241 -0.638
70 A 2.221 R -1.308 -2.453 2.354 -0.486
71 A 0.000 D 0.395 -0.651 0.971 -1.077
72 A 0.155 N -1.479 -1.319 0.402 0.397
73 A 0.000 S -0.667 -0.264 0.438 0.921
74 A 0.000 K -1.375 -1.273 0.422 0.242
75 A 2.892 N 0.514 -1.471 1.905 -1.042
76 A 2.791 T -0.329 -0.915 1.426 -0.411
77 A 3.034 L -8.101 -2.054 3.641 1.661
78 A 2.197 Y -0.838 -1.669 0.985 -0.844
79 A 2.192 L -7.696 -3.736 2.929 1.352
80 A 1.394 Q -1.853 -2.453 1.108 -0.542
81 A 2.957 M -6.517 -2.218 4.286 1.003
82A A 1.994 N -1.554 -1.852 0.908 -0.328
83B A 2.087 S -1.616 -1.762 0.564 -0.258
84C A 5.386 L -3.529 -0.638 3.128 0.924
85 A 1.918 R -2.067 -0.698 0.567 2.417
86 A 2.896 A -1.278 -0.418 1.172 0.734
87 A 0.000 E -0.105 -0.869 0.934 -0.818
88 A 1.480 D -1.882 -3.872 2.940 -0.677
89 A 3.832 T -1.697 -2.047 3.758 -0.093
90 A 2.327 A -3.032 -3.290 1.697 -0.152
91 A 3.488 V -3.898 -1.005 1.962 1.474
92 A 5.996 Y -5.591 -2.229 4.297 0.782
93 A 4.898 Y -4.355 -2.460 4.033 0.470
94 A 5.171 C -11.079 -2.446 4.902 1.761
95 A 1.969 A -3.281 -3.010 3.715 0.073
96 A 1.744 R -1.241 -2.204 2.630 -0.366
97 A 2.056 D 3.082 -2.148 3.692 -1.417
98 A 0.003 L -1.588 -0.998 0.976 0.604
99 A 0.988 G -1.504 -1.341 1.811 0.090
100 A 2.014 T -0.139 -0.847 1.699 -0.417
101 A 2.895 G -1.226 -1.207 2.907 0.007
102 A 2.967 L -3.443 -1.038 2.222 1.082
103A A 1.758 F -3.528 -2.353 1.984 0.592
104 A 1.116 D -0.097 -2.181 2.436 -0.855
105 A 1.979 Y -2.402 -3.279 1.928 -0.455
106 A 2.008 W -3.130 -3.471 1.525 -0.224
107 A 4.115 G -1.719 -1.879 2.418 -0.066
108 A 0.746 Q -0.614 -1.898 1.431 -0.897
109 A 3.998 G -1.737 -2.763 3.735 -0.275
110 A 5.162 T -0.676 -1.881 2.643 -0.456
111 A 2.495 L -2.808 -1.914 0.913 0.980
112 A 5.763 V -7.187 -1.839 4.069 1.315
113 A 3.685 T -0.488 -0.300 1.920 0.098
114 A 6.869 V -5.247 -0.338 3.501 1.402
115 A 1.678 S -1.328 -1.970 1.591 -0.403
116 A 1.986 S -0.417 -0.675 0.507 -0.510
117 A 1.740 A -1.411 -1.490 0.534 -0.149
118 A 0.000 S -1.031 -1.037 0.493 -0.012
119 A 3.025 T -0.177 -0.614 1.533 -0.285
120 A 2.137 K -1.159 -2.015 1.180 -0.726
121 A 2.854 G -0.550 -1.394 1.781 -0.474
122 A 4.140 P 2.218 -1.972 4.046 -1.036
123 A 2.581 S -0.587 -1.184 1.102 -0.542
124 A 4.351 V -5.085 -1.252 3.008 1.274
125 A 3.975 F -1.677 -0.183 1.412 1.058
126 A 2.726 P 0.899 -1.839 2.332 -1.174
127 A 1.300 L -8.401 -3.829 3.672 1.245
128 A 2.137 A -1.655 -1.152 1.376 0.366
129 A 1.947 P -0.732 -2.065 2.226 -0.599
130 A 0.002 S -1.065 -1.862 1.661 -0.480
131 A 0.997 G -0.893 -0.668 0.316 0.712
132 A 0.159 G -1.282 -1.214 0.323 0.209
133 A 1.708 T -1.547 -1.513 0.553 0.062
134 A 2.918 A -3.987 -1.348 2.576 1.024
135 A 3.059 A -4.240 -2.098 3.325 0.644
136 A 2.908 L -9.651 -3.064 4.804 1.371
137 A 4.379 G -1.094 -2.939 4.807 -0.384
138 A 3.883 C -11.093 -2.405 5.561 1.562
139 A 3.036 L -2.860 -0.723 2.559 0.835
140 A 3.166 V -9.106 -2.698 4.167 1.538
141 A 3.262 K 3.136 -1.455 2.845 -1.614
142 A 2.330 D -1.463 -2.144 1.085 -0.628
143 A 4.514 Y -3.306 -0.849 2.468 0.996
144 A 4.892 F -2.208 -0.553 1.969 0.841
145 A 4.074 P 1.438 -0.427 1.595 -1.169
146 A 1.516 E -1.322 -2.876 1.665 -0.934
147 A 0.002 P -2.031 -1.666 0.691 0.528
148 A 4.670 V -5.426 -0.971 3.255 1.369
149 A 0.019 T -2.098 -1.958 0.913 0.154
150 A 3.032 V -7.978 -2.789 3.368 1.541
151 A 0.112 S -2.813 -2.758 1.106 0.050
152 A 2.017 W -2.503 -3.521 2.773 -0.367
153 A 1.148 N -1.537 -2.379 1.196 -0.704
154 A 0.986 S -1.128 -1.283 1.229 -0.126
155 A 0.000 G -0.334 -0.496 1.115 -0.145
156 A 0.000 A -0.141 -0.536 0.684 -0.578
157 A 0.184 L -4.397 -2.341 1.282 1.604
158 A 0.000 T -0.980 -1.375 1.288 -0.306
159 A 0.000 S -1.265 -1.675 1.017 -0.403
160 A 2.000 G -1.914 -2.375 1.381 -0.334
161 A 0.925 V -5.267 -2.512 1.790 1.539
162 A 2.917 H -1.471 -1.289 2.127 0.085
163 A 1.454 T -2.580 -3.409 2.151 -0.385
164 A 3.297 F -5.997 -1.410 2.974 1.542
165 A 0.977 P -1.829 -2.171 0.715 -0.479
166 A 0.998 A -2.406 -1.964 1.522 0.291
167 A 1.704 V -1.945 -1.239 0.907 0.778
168 A 0.000 L -3.177 -1.729 0.954 1.517
169 A 0.029 Q 0.567 -0.759 1.124 -1.179
170 A 0.000 S -1.589 -1.385 0.409 0.497
171 A 0.002 S -0.497 -1.004 0.975 -0.520
172 A 0.775 G -0.674 -1.533 1.516 -0.566
173 A 2.517 L -2.081 -0.999 0.804 1.344
174 A 2.514 Y -2.690 -2.477 2.345 0.091
175 A 1.458 S -1.097 -1.744 1.498 -0.432
176 A 1.344 L -6.993 -3.191 2.848 1.335
177 A 3.397 S -0.069 -2.872 4.611 -0.608
178 A 3.504 S -1.508 -3.464 4.479 -0.437
179 A 3.919 V -8.753 -2.833 4.267 1.388
180 A 4.828 V -7.584 -2.394 3.815 1.360
181 A 3.945 T -0.840 -1.567 2.491 -0.292
182 A 1.027 V -5.630 -2.888 1.975 1.388
183 A 0.014 P -0.706 -0.999 0.558 -0.525
184 A 2.694 S -0.581 -1.311 1.422 -0.513
185 A 0.000 S -0.717 -1.155 0.727 -0.602
186 A 0.000 S -0.364 -0.744 0.912 -0.417
187 A 2.996 L -1.882 -0.217 1.741 0.956
188 A 0.011 G -1.447 -1.409 1.030 0.038
189 A 0.000 T -1.209 -1.032 0.445 0.398
190 A 0.000 Q -1.048 -1.899 0.877 -0.970
191 A 0.963 T -1.303 -1.471 0.646 -0.260
192 A 2.161 Y -0.739 -3.566 1.919 -1.473
193 A 3.366 I -0.277 0.044 0.965 0.333
194 A 5.284 C -9.577 -2.110 4.786 1.560
195 A 1.110 N -2.142 -2.234 1.284 -0.072
196 A 4.784 V -6.470 -2.155 3.569 1.209
197 A 0.902 N -1.799 -1.588 0.677 0.311
198 A 3.937 H -0.031 -0.968 3.047 -0.308
199 A 0.002 K -2.512 -1.639 0.938 0.930
200 A 1.999 P -1.157 -2.117 1.000 -0.959
201 A 0.884 S -2.126 -2.256 0.912 -0.143
202 A 0.000 N -2.519 -1.540 0.983 0.995
203 A 1.954 T -0.762 -1.824 1.380 -0.769
204 A 0.000 K -2.543 -1.673 0.843 1.032
205 A 0.363 V -2.727 -1.802 0.698 1.324
206 A 1.000 D -1.505 -2.201 0.740 -0.940
207 A 4.349 K 4.303 -2.314 4.458 -1.484
208 A 1.971 K -0.206 -1.063 0.955 -0.897
209 A 5.563 V -6.045 -1.633 3.472 1.270
210 A 0.122 E -0.506 -1.054 1.002 -0.547
211 A 2.949 P 0.863 -1.265 2.044 -1.041
213 B 0.000 D -2.037 -1.593 1.028 0.432
214 B 5.967 I -2.144 -0.178 1.908 1.030
215 B 0.299 Q -2.180 -1.724 0.785 0.580
216 B 5.005 L -7.659 -2.657 3.594 1.392
217 B 1.034 T -2.350 -2.457 0.734 -0.146
218 B 6.186 Q 2.571 -0.905 2.996 -1.160
219 B 1.019 S -1.536 -1.726 0.650 -0.293
220 B 1.432 P 0.020 -1.924 1.764 -1.102
221 B 0.824 S -2.373 -1.888 0.732 0.663
222 B 1.000 F -0.630 -0.695 0.359 -0.182
223 B 1.709 L -4.348 -1.959 1.486 1.607
224 B 1.121 S -2.906 -2.600 0.988 0.309
225 B 2.988 A -4.841 -1.276 3.507 1.017
226 B 0.984 S -0.811 -0.712 0.484 0.205
227 B 2.175 V -3.687 -1.981 1.153 1.479
228 B 1.806 G -2.453 -2.513 0.903 -0.067
229 B 0.973 D -0.446 -2.140 1.697 -0.998
230 B 1.229 R -2.098 -2.030 0.667 0.103
231 B 1.222 V -5.861 -2.795 2.113 1.451
232 B 1.990 T -2.517 -1.888 0.721 0.872
233 B 3.171 I -7.280 -2.461 3.203 1.505
234 B 2.194 T -2.421 -2.081 0.973 0.350
235 B 2.107 C -5.911 -3.075 2.272 1.248
236 B 3.001 R -0.378 -0.942 1.233 -0.458
237 B 3.321 A -4.755 -1.792 3.408 0.870
238 B 1.260 S -0.909 -2.024 1.293 -0.862
239 B 1.019 Q -0.853 -1.905 1.310 -0.803
240 B 1.022 G -0.950 -1.179 1.095 -0.209
241 B 2.951 I -7.047 -1.472 3.216 1.733
242 B 1.985 S -0.448 -0.890 1.201 -0.367
243 B 2.297 S -0.913 -2.243 2.346 -0.567
244 B 1.029 Y -0.084 -1.890 1.197 -1.509
245 B 4.555 L -7.683 -2.403 4.053 1.303
246 B 4.284 A -5.882 -2.564 4.741 0.700
247 B 2.815 W -5.704 -3.179 4.026 0.627
248 B 1.138 Y -2.658 -2.276 2.477 0.154
249 B 1.986 Q -0.946 -2.622 1.751 -0.958
250 B 2.102 Q -1.875 -2.668 1.218 -0.651
251 B 0.991 K -2.094 -1.797 0.889 0.334
252 B 0.920 P -1.284 -1.086 0.628 0.315
253 B 0.000 G -1.028 -1.324 0.655 -0.452
254 B 0.000 K -1.647 -1.353 1.507 0.195
255 B 2.242 A -1.861 -2.630 1.705 -0.451
256 B 0.530 P -3.482 -3.455 1.528 0.017
257 B 0.000 K -1.669 -2.183 1.315 -0.390
258 B 1.892 L -6.157 -2.290 2.616 1.478
259 B 0.999 L -5.811 -2.137 2.222 1.653
260 B 2.285 I -8.744 -3.014 3.279 1.748
261 B 1.720 Y -1.514 -3.152 2.464 -0.665
262 B 1.000 A -1.272 -1.443 1.660 -0.103
263 B 4.799 A -3.316 -2.026 3.308 0.390
264 B 1.006 S -1.768 -2.124 1.634 -0.217
265 B 0.000 T -1.283 -1.573 1.059 -0.273
266 B 0.000 L -5.099 -2.502 1.616 1.606
267 B 0.128 Q 0.347 -2.447 3.099 -0.901
268 B 0.000 S -1.270 -1.483 0.427 -0.499
269 B 0.000 G -1.125 -1.173 0.484 -0.097
270 B 0.000 V -4.408 -2.151 1.499 1.505
271 B 0.000 P -1.705 -1.828 0.735 -0.168
272 B 0.000 S -1.527 -1.617 0.477 -0.190
273 B 2.586 R -1.014 -1.433 1.302 -0.322
274 B 2.290 F -5.972 -3.074 2.630 1.102
275 B 0.012 S -2.671 -2.781 0.957 -0.115
276 B 1.668 G -1.097 -2.345 2.950 -0.423
277 B 0.989 S -1.659 -2.047 0.917 -0.422
278 B 1.017 G -0.241 -1.840 1.487 -1.075
279 B 2.993 S -0.391 -1.202 1.747 -0.464
280 B 2.071 G -1.150 -1.941 1.484 -0.533
281 B 2.877 T -1.112 -1.329 1.486 -0.146
282 B 1.016 E -0.794 -1.618 0.497 -1.657
283 B 2.902 F -7.690 -2.393 3.443 1.539
284 B 1.998 T -1.588 -1.296 0.836 0.349
285 B 2.980 L -8.923 -2.848 4.093 1.484
286 B 1.045 T -2.210 -1.566 0.960 0.671
287 B 2.123 I -6.654 -2.926 1.872 1.992
288 B 1.584 S -1.120 -1.610 0.874 -0.560
289 B 2.129 S -1.802 -2.073 0.781 -0.348
290 B 4.877 L -3.904 -0.943 2.814 1.052
291 B 0.184 Q -1.147 -1.557 0.740 -0.554
292 B 1.000 P -0.990 -2.089 1.622 -0.677
293 B 0.000 E -1.321 -0.973 0.415 0.837
294 B 0.003 D -0.659 -2.899 2.230 -1.005
295 B 2.990 F -3.107 -0.990 1.726 1.227
296 B 3.804 A -0.797 0.694 0.869 1.715
297 B 2.916 T -0.086 -0.541 1.239 -0.368
298 B 5.656 Y -5.285 -2.416 4.344 0.660
299 B 3.945 Y -3.422 -1.186 2.652 0.843
300 B 4.535 C -10.112 -1.916 4.465 1.836
301 B 0.883 Q 0.488 -3.637 4.006 -1.030
302 B 5.327 Q 1.315 -2.185 3.958 -0.884
303 B 3.671 L -4.787 -1.468 2.654 1.251
304 B 1.014 D 0.785 -1.471 1.478 -1.527
305 B 1.000 S -1.135 -1.592 0.808 -0.566
306 B 0.971 Y -0.753 -0.872 1.193 -0.100
307 B 6.659 P 1.446 -1.593 4.120 -0.738
308A B 1.068 P -2.870 -2.814 1.954 0.029
309 B 0.995 G -1.664 -1.903 1.801 -0.133
310 B 2.036 T -3.017 -3.491 1.856 -0.255
311 B 1.633 F -4.706 -2.520 1.580 1.384
312 B 2.025 G -1.936 -2.055 0.909 -0.131
313 B 1.047 P -2.176 -2.151 0.712 0.035
314 B 3.843 G -1.689 -1.970 2.886 -0.097
315 B 4.971 T -0.886 -1.783 3.319 -0.270
316 B 1.819 K -0.409 -1.733 1.003 -1.320
317 B 3.998 V -8.954 -2.452 4.501 1.445
318 B 2.991 D 0.623 -0.481 1.626 -0.679
319 B 2.710 I -2.480 -0.999 1.390 1.066
320 B 2.007 K -1.879 -2.256 0.775 -0.486
321 B 1.296 R -3.406 -2.418 1.081 0.915
322 B 0.003 T -1.090 -1.086 0.321 0.015
323 B 2.983 V -2.170 -0.822 1.060 1.272
324 B 3.050 A -1.742 -0.801 1.028 0.916
325 B 2.910 A -3.815 -2.015 3.022 0.595
326 B 3.080 P 1.842 -2.113 3.361 -1.177
327 B 0.957 S -0.988 -1.789 1.345 -0.596
328 B 4.395 V -7.952 -2.093 4.337 1.351
329 B 0.222 F -7.012 -3.778 1.598 2.023
330 B 3.020 I -6.566 -2.686 3.183 1.219
331 B 0.205 F -7.537 -3.518 2.186 1.838
332 B 1.820 P -2.470 -3.079 2.059 -0.296
333 B 0.661 P -0.510 -3.136 2.829 -0.928
334 B 1.779 S -1.569 -1.608 0.964 -0.041
335 B 0.000 D -1.521 -1.585 0.642 -0.100
336 B 1.000 E -0.822 -1.204 0.673 -0.568
337 B 0.992 Q 0.114 -0.745 1.073 -0.801
338 B 1.004 L -1.277 -0.548 0.791 0.922
339 B 0.000 K -2.797 -0.802 0.955 2.090
340 B 0.583 S -1.897 -1.752 0.779 0.186
341 B 1.000 G -1.069 -1.243 0.573 -0.304
342 B 0.012 T -2.034 -1.684 1.021 0.343
343 B 1.986 A -1.989 -2.716 1.235 -0.589
344 B 3.596 S 1.638 -0.417 3.620 -0.568
345 B 1.981 V -6.729 -2.360 2.681 1.630
346 B 4.196 V -6.926 -2.163 3.603 1.322
347 B 1.680 C -8.573 -3.568 3.007 1.665
348 B 3.175 L -7.431 -2.481 3.742 1.323
349 B 2.941 L -6.744 -2.696 3.727 1.086
350 B 3.088 N 1.214 -1.506 3.050 -0.892
351 B 3.015 N -0.787 -0.881 1.216 -0.077
352 B 4.942 F -7.358 -1.884 4.294 1.275
353 B 4.098 Y -2.365 -0.703 1.753 0.948
354 B 0.781 P -1.044 -1.621 0.811 -0.712
355 B 0.252 R -1.907 -2.377 0.970 -0.484
356 B 0.000 E -0.707 -0.494 0.543 0.392
357 B 2.114 A -4.217 -2.686 2.348 0.652
358 B 0.015 K -2.961 -1.426 0.770 1.993
359 B 2.819 V -5.890 -2.228 2.663 1.376
360 B 0.758 Q -3.330 -2.886 0.998 0.445
361 B 1.562 W -5.636 -3.230 1.651 1.458
362 B 1.047 K -0.192 -1.563 1.379 -0.994
363 B 1.978 V -6.852 -2.692 2.396 1.736
364 B 2.975 D 0.233 -0.544 1.563 -0.497
365 B 0.033 N -0.476 -1.040 0.653 -0.865
366 B 0.000 A -0.530 -0.293 0.454 0.523
367 B 0.000 L -1.482 -0.967 0.837 0.615
368 B 0.513 Q 0.214 -1.059 1.186 -1.073
369 B 0.000 S -1.625 -1.290 0.782 0.428
370 B 0.000 G -0.939 -0.933 0.908 0.007
371 B 2.273 N -0.502 -1.762 1.350 -0.933
372 B 2.017 S -1.193 -1.972 1.332 -0.585
373 B 1.736 Q -2.460 -2.463 0.919 -0.004
374 B 1.484 E -0.590 -2.192 1.281 -1.250
375 B 3.589 S 0.479 -0.693 2.050 -0.572
376 B 0.034 V -4.328 -2.123 1.368 1.613
377 B 1.851 T -1.937 -2.083 0.961 -0.152
378 B 0.920 E -0.774 -1.222 0.522 -0.858
379 B 1.986 Q -1.625 -2.248 1.157 -0.538
380 B 0.006 D 0.054 0.152 0.735 0.134
381 B 0.000 S -1.296 -1.210 0.931 0.093
382 B 0.000 K -1.479 -0.590 0.526 1.691
383 B 0.549 D -1.582 -1.046 0.751 0.714
384 B 1.084 S -1.304 -1.249 0.823 0.066
385 B 3.046 T 0.053 -0.208 1.227 -0.212
386 B 1.817 Y -1.544 -2.256 1.549 -0.460
387 B 3.864 S -0.234 -1.138 2.515 -0.360
388 B 1.439 L -6.589 -2.717 2.695 1.437
389 B 4.442 S 0.055 -2.468 4.421 -0.571
390 B 2.711 S -1.078 -2.754 3.516 -0.477
391 B 3.048 T -1.287 -1.629 2.257 -0.151
392 B 3.472 L -3.514 -1.632 2.089 0.900
393 B 2.000 T -3.000 -2.541 1.444 0.318
394 B 0.951 L -4.943 -3.257 1.433 1.176
395 B 0.084 S -1.359 -1.652 0.983 -0.298
396 B 3.010 K 1.127 -0.823 1.850 -1.054
397 B 0.000 A -0.085 0.191 0.565 0.489
398 B 0.223 D -2.225 -1.256 0.724 1.339
399 B 1.280 Y -0.839 -2.138 0.975 -1.333
400 B 0.006 E -2.168 -1.605 0.669 0.840
401 B 0.000 K -0.169 -0.592 0.714 -0.593
402 B 1.970 H -2.231 -1.823 1.098 0.372
403 B 2.992 K 1.088 -0.296 0.747 -1.851
404 B 3.037 V -1.838 -0.479 1.145 1.187
405 B 4.594 Y -3.970 -1.666 3.234 0.712
406 B 1.152 A -2.317 -2.359 1.693 -0.025
407 B 3.562 C -10.002 -2.459 5.214 1.447
408 B 1.697 E -1.660 -1.780 1.648 -0.073
409 B 3.944 V -8.384 -1.967 4.435 1.447
410 B 0.007 T -1.494 -1.571 0.675 -0.115
411 B 3.935 H -0.564 -2.218 4.950 -0.334
412 B 1.709 Q -1.171 -1.959 1.253 -0.629
413 B 1.038 G -1.011 -1.822 1.186 -0.684
414 B 0.993 L -4.661 -2.122 1.820 1.395
415 B 0.000 S -1.199 -1.129 0.306 0.229
416 B 0.000 S -0.457 -1.060 0.752 -0.802
417 B 0.000 P -0.821 -1.251 0.610 -0.706
418 B 0.999 V -5.118 -2.808 1.474 1.567
419 B 0.999 T -1.905 -1.999 1.196 -0.078
420 B 2.049 K -0.334 -2.974 2.438 -1.083
421 B 1.893 S -1.682 -2.269 1.107 -0.530
422 B 2.980 F -5.261 -1.473 2.382 1.591
423 B 1.999 N -0.600 -0.926 0.642 -0.509
424 B 2.354 R -2.047 -1.953 1.116 0.084
425 B 0.000 G -0.677 -0.771 0.432 -0.217
