#Res ChainRes DensityRes AA NativeEnergy DecoyEnergy SDEnergy FrstIndex
1 A 3.040 V -2.966 -1.127 1.470 1.251
2 A 0.155 Q 0.402 -1.106 1.030 -1.464
3 A 4.764 L -7.678 -2.783 3.702 1.323
4 A 1.087 V -2.979 -2.124 0.781 1.095
5 A 6.010 E 3.051 -2.389 3.881 -1.402
6 A 1.981 S -1.316 -1.515 0.820 -0.243
7 A 1.876 G -1.218 -1.609 1.072 -0.365
8 A 2.547 G -1.009 -2.395 2.556 -0.542
9 A 2.544 G -0.865 -1.766 2.174 -0.415
10 A 1.700 L -3.132 -1.883 0.911 1.372
11 A 2.001 I -6.310 -2.419 2.422 1.607
12 A 0.987 Q -0.474 -1.480 0.963 -1.045
13 A 4.900 P 2.136 -0.927 2.210 -1.386
14 A 2.000 G -1.314 -1.945 0.765 -0.825
15 A 1.083 G -1.287 -1.855 1.567 -0.363
16 A 1.915 S -1.814 -1.978 0.624 -0.264
17 A 1.873 L -7.230 -3.104 2.384 1.731
18 A 1.990 R -1.849 -1.757 0.704 0.131
19 A 3.121 L -5.349 -2.140 2.775 1.156
20 A 4.022 S -0.308 -1.319 2.213 -0.457
21 A 2.684 C -8.545 -2.305 3.305 1.888
22 A 1.969 A -2.142 -2.272 1.107 -0.117
23 A 2.047 A -4.638 -3.917 2.245 0.321
24 A 0.171 S -0.843 -1.558 1.065 -0.671
25 A 1.024 G -1.067 -1.464 0.481 -0.824
26 A 1.004 F -2.296 -1.756 0.910 0.594
27 A 0.893 T -1.263 -0.824 0.696 0.631
28 A 3.043 V -4.567 -1.373 2.547 1.254
29 A 0.109 S -1.775 -1.595 0.784 0.230
30 A 1.000 S -1.269 -1.312 0.573 -0.075
31 A 2.003 N 0.837 -1.713 2.491 -1.024
32 A 3.990 Y -3.537 -1.610 2.633 0.732
33 A 4.135 M -6.190 -1.951 3.549 1.194
34 A 3.423 T -1.127 -2.808 4.870 -0.345
35 A 4.901 W -8.087 -3.654 5.812 0.763
36 A 2.200 V -9.203 -3.420 3.355 1.724
37 A 1.460 R -1.877 -2.721 2.550 -0.331
38 A 1.990 Q -1.255 -2.840 1.845 -0.859
39 A 1.332 A -1.344 -2.391 0.934 -1.120
40 A 0.008 P -1.765 -1.552 0.624 0.341
41 A 0.000 G -0.444 -0.868 0.314 -1.349
42 A 0.000 K -2.416 -1.336 0.633 1.707
43 A 0.994 G -1.337 -2.124 0.871 -0.903
44 A 1.502 L -4.409 -2.539 1.648 1.135
45 A 0.028 E -2.518 -2.661 1.232 -0.116
46 A 3.342 W -4.273 -1.194 3.048 1.010
47 A 1.915 V -7.565 -2.433 3.098 1.657
48 A 3.777 S 0.965 -1.986 4.347 -0.679
49 A 3.640 V -6.332 -1.613 3.219 1.466
50 A 2.938 I -5.331 -1.497 2.789 1.375
51 A 1.000 Y -1.197 -2.052 1.130 -0.757
52 A 2.995 S -0.637 -1.127 1.358 -0.361
53 A 0.000 G -0.987 -1.206 0.883 -0.249
54 A 0.000 G -1.422 -1.646 0.968 -0.231
55 A 0.000 S -0.685 -1.028 0.893 -0.384
56 A 0.000 T -0.096 -1.014 2.020 -0.455
57 A 1.965 F -3.666 -2.026 1.614 1.016
58 A 0.993 Y -0.744 -2.595 1.739 -1.064
59 A 2.344 A -2.511 -1.085 2.322 0.614
60 A 0.035 D -0.822 -0.304 0.461 1.123
61 A 0.003 S -2.214 -2.615 1.478 -0.271
62 A 1.410 V -5.767 -2.884 1.656 1.740
63 A 0.000 K -0.973 -1.159 0.582 -0.320
64 A 0.000 G -1.012 -1.385 0.809 -0.461
65 A 2.107 R -2.641 -2.099 1.181 0.459
66 A 3.543 F -5.253 -1.305 2.694 1.466
67 A 0.029 T -1.715 -1.728 1.123 -0.011
68 A 2.059 I -9.620 -2.966 3.762 1.769
69 A 0.006 S -1.030 -1.818 1.233 -0.639
70 A 2.221 R -1.308 -2.453 2.351 -0.487
71 A 0.000 D 0.395 -0.649 0.968 -1.078
72 A 0.155 N -1.479 -1.319 0.402 0.398
73 A 0.000 S -0.667 -0.263 0.437 0.925
74 A 0.000 K -1.375 -1.273 0.423 0.240
75 A 2.892 N 0.496 -1.513 1.913 -1.050
76 A 2.791 T -0.329 -0.914 1.426 -0.410
77 A 3.034 L -8.362 -2.066 3.677 1.713
78 A 2.197 Y -0.838 -1.673 0.987 -0.846
79 A 2.192 L -7.696 -3.737 2.928 1.352
80 A 1.394 Q -1.853 -2.451 1.103 -0.543
81 A 2.957 M -6.517 -2.219 4.285 1.003
82A A 1.994 N -1.554 -1.854 0.909 -0.330
83B A 2.087 S -1.616 -1.763 0.564 -0.260
84C A 5.386 L -3.529 -0.643 3.128 0.923
85 A 1.918 R -2.067 -0.699 0.568 2.407
86 A 2.896 A -1.278 -0.422 1.171 0.731
87 A 0.000 E -0.105 -0.869 0.933 -0.819
88 A 1.480 D -1.882 -3.870 2.934 -0.678
89 A 3.832 T -1.697 -2.047 3.748 -0.093
90 A 2.327 A -3.032 -3.284 1.688 -0.149
91 A 3.488 V -3.898 -1.009 1.966 1.469
92 A 5.996 Y -5.591 -2.230 4.297 0.782
93 A 4.898 Y -4.329 -2.473 4.065 0.457
94 A 5.171 C -10.892 -2.458 4.936 1.708
95 A 1.973 A -3.558 -3.119 3.790 0.116
96 A 1.746 R -1.147 -2.102 2.683 -0.356
97 A 2.079 D 3.144 -2.152 3.710 -1.427
98 A 0.003 L -1.587 -0.995 0.976 0.607
99 A 0.988 G -1.491 -1.346 1.835 0.079
100 A 2.014 T -0.139 -0.842 1.697 -0.415
101 A 2.911 G -1.073 -1.309 2.967 -0.079
102 A 2.967 L -3.588 -1.016 2.221 1.158
103A A 1.759 F -3.639 -2.415 2.007 0.610
104 A 1.116 D -0.096 -2.177 2.432 -0.856
105 A 1.977 Y -1.978 -3.190 1.982 -0.611
106 A 2.038 W -3.148 -3.471 1.529 -0.211
107 A 4.115 G -1.720 -1.880 2.419 -0.066
108 A 0.746 Q -0.614 -1.895 1.425 -0.898
109 A 3.998 G -1.737 -2.768 3.734 -0.276
110 A 5.162 T -0.676 -1.882 2.645 -0.456
111 A 2.495 L -2.808 -1.913 0.912 0.982
112 A 5.763 V -7.187 -1.836 4.062 1.317
113 A 3.685 T -0.488 -0.303 1.921 0.096
114 A 6.869 V -5.247 -0.342 3.495 1.403
115 A 1.678 S -1.328 -1.971 1.589 -0.405
116 A 1.986 S -0.417 -0.679 0.511 -0.513
117 A 1.727 A -1.404 -1.489 0.531 -0.161
118 A 0.000 S -1.031 -1.036 0.493 -0.010
119 A 3.014 T -0.183 -0.619 1.528 -0.285
120 A 2.141 K -1.156 -2.015 1.181 -0.727
121 A 2.854 G -0.550 -1.395 1.783 -0.474
122 A 4.140 P 2.217 -1.975 4.039 -1.038
123 A 2.581 S -0.587 -1.185 1.102 -0.543
124 A 4.398 V -5.183 -1.277 3.060 1.276
125 A 3.975 F -1.677 -0.184 1.413 1.057
126 A 2.688 P 0.625 -1.957 2.228 -1.159
127 A 1.301 L -8.401 -3.830 3.674 1.244
128 A 2.136 A -1.655 -1.154 1.376 0.364
129 A 1.947 P -0.754 -2.086 2.218 -0.601
130 A 0.002 S -1.065 -1.864 1.663 -0.481
131 A 0.997 G -0.893 -0.670 0.318 0.701
132 A 0.159 G -1.282 -1.214 0.323 0.209
133 A 1.708 T -1.547 -1.513 0.553 0.061
134 A 2.918 A -3.987 -1.349 2.578 1.023
135 A 3.059 A -4.240 -2.099 3.325 0.644
136 A 2.910 L -9.654 -3.067 4.807 1.370
137 A 4.379 G -1.094 -2.943 4.810 -0.384
138 A 3.927 C -11.107 -2.411 5.571 1.561
139 A 3.036 L -2.860 -0.725 2.560 0.834
140 A 3.166 V -9.106 -2.705 4.172 1.534
141 A 3.262 K 3.136 -1.457 2.845 -1.615
142 A 2.330 D -1.463 -2.143 1.083 -0.628
143 A 4.514 Y -3.306 -0.850 2.468 0.995
144 A 4.873 F -2.594 -0.647 2.140 0.910
145 A 4.074 P 1.438 -0.427 1.596 -1.169
146 A 1.516 E -1.322 -2.873 1.668 -0.930
147 A 0.002 P -2.031 -1.666 0.691 0.529
148 A 4.670 V -5.466 -0.988 3.272 1.369
149 A 0.019 T -2.098 -1.957 0.913 0.155
150 A 3.032 V -7.991 -2.795 3.377 1.539
151 A 0.112 S -2.813 -2.759 1.107 0.050
152 A 2.017 W -2.501 -3.519 2.772 -0.367
153 A 1.148 N -1.537 -2.379 1.195 -0.704
154 A 0.986 S -1.128 -1.278 1.223 -0.123
155 A 0.000 G -0.334 -0.493 1.112 -0.143
156 A 0.000 A -0.141 -0.534 0.683 -0.577
157 A 0.184 L -4.397 -2.340 1.282 1.604
158 A 0.000 T -0.980 -1.375 1.288 -0.306
159 A 0.000 S -1.265 -1.673 1.016 -0.402
160 A 2.000 G -1.914 -2.376 1.377 -0.335
161 A 0.925 V -5.267 -2.512 1.790 1.539
162 A 2.917 H -1.471 -1.290 2.126 0.085
163 A 1.454 T -2.580 -3.411 2.154 -0.386
164 A 3.297 F -5.997 -1.412 2.975 1.541
165 A 0.977 P -1.829 -2.172 0.715 -0.480
166 A 0.998 A -2.406 -1.964 1.524 0.290
167 A 1.693 V -1.962 -1.270 0.914 0.757
168 A 0.000 L -3.194 -1.734 0.961 1.520
169 A 0.029 Q 0.552 -0.764 1.106 -1.190
170 A 0.000 S -1.589 -1.384 0.409 0.501
171 A 0.002 S -0.497 -1.002 0.972 -0.520
172 A 0.775 G -0.674 -1.534 1.512 -0.568
173 A 2.517 L -2.081 -0.999 0.803 1.347
174 A 2.514 Y -2.690 -2.478 2.342 0.090
175 A 1.458 S -1.097 -1.746 1.496 -0.433
176 A 1.344 L -6.993 -3.192 2.847 1.335
177 A 3.397 S -0.069 -2.886 4.616 -0.610
178 A 3.504 S -1.508 -3.466 4.484 -0.437
179 A 3.919 V -8.753 -2.835 4.269 1.386
180 A 4.828 V -7.583 -2.400 3.822 1.356
181 A 3.945 T -0.840 -1.567 2.491 -0.292
182 A 1.027 V -5.630 -2.887 1.971 1.392
183 A 0.014 P -0.706 -1.000 0.559 -0.527
184 A 2.694 S -0.581 -1.313 1.421 -0.515
185 A 0.000 S -0.717 -1.156 0.728 -0.603
186 A 0.000 S -0.364 -0.745 0.911 -0.418
187 A 2.996 L -1.882 -0.218 1.742 0.955
188 A 0.011 G -1.447 -1.404 1.030 0.042
189 A 0.000 T -1.209 -1.033 0.443 0.398
190 A 0.000 Q -1.048 -1.894 0.872 -0.970
191 A 0.963 T -1.303 -1.472 0.644 -0.262
192 A 2.162 Y -0.739 -3.563 1.913 -1.476
193 A 3.366 I -0.277 0.042 0.966 0.331
194 A 5.319 C -9.588 -2.109 4.794 1.560
195 A 1.110 N -2.142 -2.233 1.284 -0.071
196 A 4.783 V -6.470 -2.156 3.568 1.209
197 A 0.902 N -1.799 -1.587 0.676 0.314
198 A 3.937 H -0.025 -0.971 3.050 -0.310
199 A 0.002 K -2.512 -1.638 0.938 0.932
200 A 1.999 P -1.157 -2.117 1.000 -0.960
201 A 0.884 S -2.125 -2.235 0.911 -0.121
202 A 0.000 N -2.519 -1.539 0.984 0.996
203 A 1.954 T -0.762 -1.825 1.383 -0.768
204 A 0.000 K -2.543 -1.672 0.843 1.033
205 A 0.410 V -2.784 -1.828 0.720 1.327
206 A 1.000 D -1.505 -2.201 0.740 -0.940
207 A 4.350 K 4.305 -2.314 4.459 -1.485
208 A 1.971 K -0.251 -1.086 0.948 -0.880
209 A 5.607 V -6.077 -1.644 3.495 1.268
210 A 0.122 E -0.546 -1.077 1.003 -0.530
211 A 2.949 P 0.863 -1.267 2.043 -1.042
213 B 0.000 D -2.037 -1.593 1.028 0.433
214 B 5.967 I -2.144 -0.181 1.909 1.029
215 B 0.299 Q -2.180 -1.727 0.786 0.577
216 B 5.006 L -7.632 -2.672 3.594 1.380
217 B 1.035 T -2.350 -2.459 0.735 -0.149
218 B 6.186 Q 2.568 -0.904 2.992 -1.161
219 B 1.019 S -1.536 -1.728 0.650 -0.295
220 B 1.432 P 0.020 -1.926 1.762 -1.104
221 B 0.824 S -2.373 -1.886 0.733 0.664
222 B 1.000 F -0.630 -0.695 0.359 -0.182
223 B 1.709 L -4.348 -1.957 1.480 1.615
224 B 1.121 S -2.906 -2.600 0.988 0.309
225 B 2.988 A -4.841 -1.276 3.505 1.017
226 B 0.984 S -0.811 -0.710 0.483 0.208
227 B 2.175 V -3.687 -1.981 1.152 1.480
228 B 1.806 G -2.453 -2.512 0.904 -0.066
229 B 0.973 D -0.446 -2.136 1.690 -1.000
230 B 1.229 R -2.098 -2.029 0.667 0.103
231 B 1.222 V -5.861 -2.797 2.112 1.450
232 B 1.990 T -2.517 -1.887 0.721 0.874
233 B 3.171 I -7.280 -2.468 3.213 1.498
234 B 2.194 T -2.421 -2.082 0.974 0.349
235 B 2.120 C -5.887 -3.075 2.262 1.244
236 B 2.999 R -0.379 -0.948 1.234 -0.462
237 B 3.321 A -4.755 -1.799 3.408 0.868
238 B 1.260 S -0.909 -2.028 1.287 -0.869
239 B 1.019 Q -0.853 -1.905 1.300 -0.809
240 B 1.022 G -0.950 -1.176 1.090 -0.207
241 B 2.951 I -7.047 -1.472 3.215 1.734
242 B 1.985 S -0.448 -0.891 1.202 -0.368
243 B 2.297 S -0.913 -2.242 2.338 -0.569
244 B 1.029 Y -0.084 -1.891 1.198 -1.508
245 B 4.555 L -7.673 -2.409 4.050 1.300
246 B 4.284 A -5.882 -2.572 4.738 0.699
247 B 2.815 W -5.704 -3.182 4.027 0.626
248 B 1.138 Y -2.658 -2.281 2.476 0.152
249 B 1.986 Q -0.946 -2.621 1.747 -0.959
250 B 2.102 Q -1.875 -2.666 1.216 -0.651
251 B 0.991 K -2.094 -1.796 0.888 0.335
252 B 0.920 P -1.284 -1.087 0.632 0.311
253 B 0.000 G -1.028 -1.324 0.655 -0.452
254 B 0.000 K -1.647 -1.350 1.507 0.197
255 B 2.242 A -1.862 -2.629 1.704 -0.450
256 B 0.530 P -3.482 -3.452 1.526 0.020
257 B 0.000 K -1.670 -2.185 1.315 -0.392
258 B 1.892 L -6.157 -2.284 2.609 1.485
259 B 0.999 L -5.811 -2.137 2.218 1.656
260 B 2.285 I -8.745 -3.015 3.274 1.750
261 B 1.720 Y -1.514 -3.153 2.461 -0.666
262 B 1.000 A -1.272 -1.445 1.660 -0.104
263 B 4.799 A -3.309 -2.018 3.304 0.391
264 B 1.006 S -1.768 -2.120 1.630 -0.216
265 B 0.000 T -1.283 -1.573 1.058 -0.274
266 B 0.000 L -5.099 -2.501 1.614 1.609
267 B 0.128 Q 0.347 -2.447 3.096 -0.902
268 B 0.000 S -1.270 -1.483 0.426 -0.498
269 B 0.000 G -1.125 -1.171 0.483 -0.094
270 B 0.000 V -4.408 -2.150 1.497 1.509
271 B 0.000 P -1.705 -1.827 0.734 -0.167
272 B 0.000 S -1.527 -1.616 0.476 -0.188
273 B 2.586 R -1.014 -1.438 1.299 -0.326
274 B 2.290 F -5.972 -3.075 2.624 1.104
275 B 0.012 S -2.671 -2.783 0.957 -0.117
276 B 1.668 G -1.097 -2.345 2.951 -0.423
277 B 0.989 S -1.659 -2.048 0.917 -0.424
278 B 1.017 G -0.242 -1.841 1.485 -1.078
279 B 2.993 S -0.391 -1.204 1.747 -0.466
280 B 2.071 G -1.149 -1.942 1.483 -0.535
281 B 2.877 T -1.117 -1.341 1.495 -0.150
282 B 1.016 E -0.794 -1.621 0.500 -1.655
283 B 2.913 F -7.700 -2.394 3.450 1.538
284 B 1.998 T -1.588 -1.297 0.836 0.348
285 B 2.980 L -8.922 -2.865 4.119 1.471
286 B 1.045 T -2.210 -1.568 0.961 0.668
287 B 2.123 I -6.654 -2.927 1.869 1.994
288 B 1.584 S -1.120 -1.611 0.873 -0.562
289 B 2.129 S -1.802 -2.072 0.782 -0.346
290 B 4.877 L -3.904 -0.947 2.813 1.051
291 B 0.184 Q -1.147 -1.557 0.740 -0.554
292 B 1.000 P -0.990 -2.091 1.619 -0.680
293 B 0.000 E -1.321 -0.974 0.416 0.834
294 B 0.003 D -0.659 -2.898 2.228 -1.005
295 B 2.990 F -3.107 -0.991 1.726 1.226
296 B 3.804 A -0.797 0.693 0.869 1.714
297 B 2.916 T -0.086 -0.544 1.241 -0.369
298 B 5.656 Y -5.263 -2.405 4.339 0.659
299 B 3.945 Y -3.421 -1.188 2.655 0.841
300 B 4.535 C -10.112 -1.917 4.465 1.836
301 B 0.883 Q 0.489 -3.632 3.994 -1.032
302 B 5.330 Q 1.316 -2.189 3.959 -0.885
303 B 3.671 L -4.787 -1.470 2.652 1.250
304 B 1.014 D 0.786 -1.472 1.475 -1.530
305 B 1.000 S -1.134 -1.594 0.808 -0.569
306 B 0.971 Y -0.754 -0.872 1.195 -0.099
307 B 6.659 P 1.460 -1.602 4.150 -0.738
308A B 1.068 P -2.870 -2.808 1.947 0.032
309 B 0.995 G -1.635 -1.994 1.959 -0.183
310 B 2.036 T -3.017 -3.491 1.853 -0.256
311 B 1.633 F -4.707 -2.520 1.582 1.382
312 B 2.027 G -1.937 -2.055 0.910 -0.130
313 B 1.047 P -2.176 -2.154 0.712 0.031
314 B 3.843 G -1.689 -1.972 2.887 -0.098
315 B 4.971 T -0.886 -1.789 3.322 -0.272
316 B 1.819 K -0.409 -1.735 1.005 -1.318
317 B 3.998 V -8.954 -2.457 4.495 1.445
318 B 2.991 D 0.623 -0.486 1.628 -0.681
319 B 2.710 I -2.480 -1.006 1.397 1.056
320 B 2.007 K -1.879 -2.253 0.773 -0.484
321 B 1.296 R -3.406 -2.418 1.080 0.915
322 B 0.003 T -1.090 -1.084 0.321 0.018
323 B 2.983 V -2.170 -0.826 1.062 1.265
324 B 3.050 A -1.742 -0.802 1.029 0.914
325 B 2.910 A -3.815 -2.022 3.031 0.592
326 B 3.080 P 1.842 -2.118 3.355 -1.180
327 B 0.957 S -0.988 -1.795 1.352 -0.597
328 B 4.395 V -7.952 -2.099 4.337 1.350
329 B 0.222 F -7.012 -3.777 1.600 2.021
330 B 3.020 I -6.566 -2.690 3.188 1.216
331 B 0.205 F -7.574 -3.545 2.189 1.840
332 B 1.820 P -2.470 -3.079 2.058 -0.296
333 B 0.661 P -0.510 -3.139 2.819 -0.933
334 B 1.779 S -1.569 -1.610 0.965 -0.043
335 B 0.000 D -1.558 -1.606 0.650 -0.073
336 B 1.000 E -0.862 -1.225 0.667 -0.544
337 B 0.992 Q 0.079 -0.769 1.066 -0.795
338 B 1.004 L -1.277 -0.548 0.791 0.922
339 B 0.000 K -2.797 -0.804 0.958 2.082
340 B 0.583 S -1.897 -1.751 0.778 0.188
341 B 1.000 G -1.069 -1.242 0.574 -0.303
342 B 0.012 T -2.034 -1.678 1.019 0.350
343 B 1.986 A -1.989 -2.712 1.230 -0.587
344 B 3.596 S 1.638 -0.426 3.615 -0.571
345 B 1.981 V -6.729 -2.359 2.681 1.630
346 B 4.196 V -6.926 -2.167 3.604 1.320
347 B 1.680 C -8.573 -3.563 3.000 1.670
348 B 3.175 L -7.431 -2.488 3.748 1.319
349 B 2.941 L -6.744 -2.710 3.745 1.077
350 B 3.088 N 1.214 -1.513 3.052 -0.893
351 B 3.015 N -0.787 -0.882 1.216 -0.077
352 B 4.942 F -7.358 -1.890 4.290 1.275
353 B 4.098 Y -2.365 -0.709 1.753 0.944
354 B 0.781 P -1.044 -1.622 0.811 -0.713
355 B 0.252 R -1.907 -2.378 0.970 -0.485
356 B 0.000 E -0.707 -0.494 0.543 0.392
357 B 2.114 A -4.217 -2.684 2.345 0.654
358 B 0.015 K -2.961 -1.427 0.770 1.991
359 B 2.819 V -5.890 -2.229 2.664 1.374
360 B 0.758 Q -3.330 -2.885 0.998 0.446
361 B 1.562 W -5.636 -3.227 1.652 1.458
362 B 1.047 K -0.192 -1.564 1.378 -0.995
363 B 1.978 V -6.852 -2.690 2.393 1.739
364 B 2.975 D 0.233 -0.546 1.562 -0.499
365 B 0.033 N -0.476 -1.040 0.652 -0.865
366 B 0.000 A -0.530 -0.293 0.454 0.522
367 B 0.000 L -1.482 -0.965 0.837 0.617
368 B 0.513 Q 0.214 -1.059 1.185 -1.074
369 B 0.000 S -1.625 -1.287 0.780 0.433
370 B 0.000 G -0.939 -0.932 0.907 0.009
371 B 2.273 N -0.502 -1.761 1.347 -0.934
372 B 2.017 S -1.193 -1.973 1.332 -0.586
373 B 1.726 Q -2.463 -2.463 0.916 -0.001
374 B 1.485 E -0.589 -2.192 1.281 -1.251
375 B 3.589 S 0.479 -0.694 2.052 -0.572
376 B 0.034 V -4.328 -2.122 1.367 1.614
377 B 1.851 T -1.937 -2.085 0.963 -0.153
378 B 0.920 E -0.774 -1.218 0.523 -0.849
379 B 1.986 Q -1.625 -2.246 1.155 -0.538
380 B 0.006 D 0.054 0.153 0.735 0.135
381 B 0.000 S -1.296 -1.208 0.932 0.094
382 B 0.000 K -1.479 -0.588 0.525 1.696
383 B 0.549 D -1.582 -1.045 0.752 0.714
384 B 1.084 S -1.304 -1.249 0.824 0.067
385 B 3.046 T 0.053 -0.206 1.226 -0.211
386 B 1.817 Y -1.544 -2.260 1.544 -0.464
387 B 3.864 S -0.234 -1.142 2.520 -0.361
388 B 1.439 L -6.589 -2.718 2.695 1.436
389 B 4.442 S 0.055 -2.473 4.426 -0.571
390 B 2.711 S -1.078 -2.760 3.524 -0.477
391 B 3.048 T -1.287 -1.635 2.263 -0.154
392 B 3.472 L -3.514 -1.636 2.096 0.896
393 B 2.000 T -3.000 -2.538 1.444 0.320
394 B 0.951 L -4.943 -3.257 1.430 1.179
395 B 0.084 S -1.359 -1.652 0.979 -0.299
396 B 3.010 K 1.127 -0.821 1.845 -1.056
397 B 0.000 A -0.085 0.192 0.565 0.490
398 B 0.223 D -2.225 -1.254 0.725 1.339
399 B 1.280 Y -0.839 -2.136 0.973 -1.333
400 B 0.006 E -2.168 -1.605 0.668 0.843
401 B 0.000 K -0.169 -0.590 0.714 -0.590
402 B 1.970 H -2.231 -1.822 1.099 0.372
403 B 2.992 K 1.088 -0.297 0.749 -1.849
404 B 3.037 V -1.838 -0.480 1.146 1.185
405 B 4.594 Y -3.970 -1.671 3.234 0.711
406 B 1.152 A -2.317 -2.356 1.690 -0.023
407 B 3.562 C -10.002 -2.462 5.213 1.446
408 B 1.697 E -1.660 -1.782 1.645 -0.074
409 B 3.944 V -8.384 -1.973 4.440 1.444
410 B 0.007 T -1.494 -1.570 0.674 -0.113
411 B 3.935 H -0.564 -2.223 4.946 -0.335
412 B 1.709 Q -1.171 -1.960 1.253 -0.629
413 B 1.038 G -1.011 -1.823 1.187 -0.684
414 B 0.993 L -4.661 -2.123 1.820 1.394
415 B 0.000 S -1.199 -1.128 0.306 0.231
416 B 0.000 S -0.457 -1.062 0.751 -0.806
417 B 0.000 P -0.821 -1.251 0.612 -0.703
418 B 0.999 V -5.118 -2.810 1.472 1.568
419 B 0.999 T -1.905 -2.000 1.196 -0.079
420 B 2.049 K -0.334 -2.974 2.439 -1.082
421 B 1.893 S -1.682 -2.269 1.104 -0.531
422 B 2.980 F -5.261 -1.479 2.388 1.583
423 B 1.999 N -0.600 -0.926 0.642 -0.509
424 B 2.354 R -2.047 -1.953 1.117 0.084
425 B 0.000 G -0.677 -0.770 0.432 -0.215
