1	-0.002
2	0
3	-0.00100000000000011
4	0.016
5	0.00900000000000012
6	-0.018
7	0.004
8	-0.029
9	-0.00800000000000001
10	0.0590000000000002
11	0.024
12	-0.0559999999999999
13	-0.00299999999999989
14	-0.004
15	-0.019
16	-0.00600000000000001
17	0.00700000000000012
18	0.108
19	0
20	0.001
21	-0.00100000000000011
22	-0.00900000000000001
23	-0.002
24	0.001
25	-0.002
26	-0.017
27	-0.002
28	-0.00299999999999989
29	-0.002
30	-0.14
31	0.00099999999999989
32	-0.036
33	0.002
34	0.244
35	0.00600000000000001
36	0.0600000000000001
37	0.01
38	-0.001
39	-0.002
40	-0.001
41	0
42	0.00700000000000012
43	-0.001
44	-0.012
45	-0.063
46	-0.095
47	-0.052
48	-0.011
49	0.0409999999999999
50	0.0489999999999999
51	0.001
52	0.002
53	0.013
54	-0.003
55	0.011
56	-0.00800000000000001
57	0.031
58	0.00499999999999989
59	-0.00700000000000001
60	0.0209999999999999
61	-0.001
62	0.00299999999999989
63	0.012
64	0
65	-0.001
66	0.00299999999999989
67	0.004
68	0.0089999999999999
69	0.002
70	-0.033
71	-0.00700000000000012
72	-0.05
73	0.002
74	0.003
75	-0.002
76	0.005
77	0.0530000000000002
78	-0.182
79	0.002
80	0.00800000000000001
81	0.00099999999999989
82	-0.004
83	-0.015
84	0.001
85	0.069
86	-0.002
87	0.011
88	-0.005
89	-0.00700000000000001
90	-0.001
91	-0.00299999999999989
92	0
93	-0.013
94	-0.036
95	0.046
96	-0.012
97	-0.00900000000000012
98	-0.052
99	-0.012
100	-0.004
101	-0.086
102	0.0679999999999998
103	0.014
104	-0.015
105	0.00800000000000001
106	0
107	0.001
108	0
109	-0.005
110	0.036
111	0.004
112	0.00499999999999989
113	-0.001
114	-0.002
115	-0.00700000000000001
116	-0.005
117	-0.219
118	-0.039
119	0.047
120	-0.0559999999999999
121	-0.002
122	-0.00500000000000012
123	-0.00900000000000001
124	-0.00499999999999989
125	-0.0170000000000001
126	0.00299999999999989
127	0.002
128	-0.072
129	-0.012
130	-0.001
131	-0.004
132	-0.013
133	0.015
134	-0.004
135	0
136	-0.0139999999999998
137	-0.001
138	-0.00100000000000011
139	-0.038
140	0
141	-0.0149999999999999
142	-0.036
143	0
144	-0.002
145	-0.0150000000000001
146	0
147	0.005
148	0.002
149	-0.017
150	0.00099999999999989
151	-0.000999999999999994
152	-0.011
153	0.001
154	-0.004
155	0
156	-0.001
157	-0.004
158	0.001
159	0.00499999999999995
160	-0.002
161	0.002
162	-0.00599999999999999
163	0.016
164	-0.012
165	-0.019
166	0.00600000000000001
167	-0.00700000000000001
168	-0.125
169	-0.01
170	0.416
171	0.014
172	0.016
173	0.174
174	-0.086
175	0.033
176	0.002
177	-0.001
178	0
179	-0.002
180	0.00100000000000011
181	0
182	0
183	-0.012
184	-0.005
185	-0.001
186	-0.003
187	0
188	0.002
189	-0.021
190	-0.00700000000000001
191	-0.01
192	-0.0269999999999999
193	-0.002
194	-0.004
195	0.003
196	0.002
197	0.05
198	0
199	0.002
200	0.002
201	-0.03
202	0
203	0.002
204	-0.014
205	0.002
206	0
207	0
208	-0.01
209	-0.00099999999999989
210	-0.005
211	-0.00100000000000011
213	0.001
214	-0.00700000000000012
215	-0.001
216	-0.0130000000000001
217	0.011
218	-0.00500000000000012
219	0.004
220	-0.0130000000000001
221	0.119
222	0
223	-0.00800000000000001
224	-0.039
225	0
226	-0.132
227	-0.05
228	0.00799999999999999
229	-0.005
230	0.111
231	0.00499999999999989
232	-0.001
233	0.0329999999999999
234	-0.013
235	-0.014
236	0.004
237	-0.001
238	-0.00600000000000001
239	-0.002
240	-0.003
241	-0.00100000000000011
242	0.001
243	-0.0129999999999999
244	0.0109999999999999
245	-0.0069999999999999
246	0.001
247	-0.003
248	-0.051
249	-0.004
250	-0.015
251	-0.002
252	0.005
253	0.002
254	0.019
255	-0.005
256	-0.004
257	-0.004
258	0.00900000000000012
259	-0.00100000000000011
260	0.00299999999999989
261	0.016
262	-0.036
263	-0.003
264	-0.016
265	0.005
266	0
267	-0.016
268	0.00800000000000001
269	-0.002
270	0.0129999999999999
271	0.002
272	0.001
273	0.239
274	-0.00099999999999989
275	0.00299999999999999
276	0.001
277	0.004
278	-0.002
279	0.00399999999999995
280	0.001
281	0
282	-0.0389999999999999
283	0.0409999999999999
284	0.00499999999999995
285	0
286	0.018
287	0.00099999999999989
288	-0.00900000000000001
289	-0.00899999999999995
290	-0.00300000000000011
291	0.0579999999999999
292	-0.039
293	0.002
294	0.0470000000000002
295	-0.00100000000000011
296	0.00299999999999989
297	-0.002
298	-0.002
299	-0.001
300	0.00600000000000001
301	0
302	-0.005
303	0.004
304	-0.0309999999999999
305	-0.002
306	0.042
307	0
308	-0.035
309	-0.053
310	0.005
311	0.00099999999999989
312	0.002
313	-0.009
314	0
315	-0.001
316	-0.0450000000000002
317	-0.00099999999999989
318	-0.004
319	-0.271
320	-0.004
321	0.05
322	-0.003
323	-0.00100000000000011
324	0.001
325	-0.001
326	-0.00299999999999989
327	0.015
328	-0.00099999999999989
329	0.00300000000000011
330	-0.00300000000000011
331	-0.002
332	-0.06
333	0
334	-0.018
335	0.00700000000000001
336	0.002
337	-0.0830000000000001
338	-0.0489999999999999
339	-0.0100000000000002
340	-0.002
341	0.002
342	0.013
343	-0.0409999999999999
344	-0.002
345	-0.004
346	0
347	-0.00300000000000011
348	0
349	0.022
350	-0.001
351	-0.064
352	-0.00800000000000001
353	-0.016
354	-0.0539999999999999
355	0.002
356	0.001
357	0.014
358	-0.00099999999999989
359	-0.233
360	0.088
361	-0.314
362	0.025
363	0.00100000000000011
364	-0.002
365	-0.029
366	-0.00700000000000001
367	-0.00700000000000001
368	-0.024
369	-0.023
370	0
371	-0.00800000000000001
372	-0.015
373	0.006
374	-0.00799999999999979
375	0
376	-0.002
377	-0.019
378	0.014
379	0
380	-0.111
381	0
382	0.00299999999999989
383	-0.023
384	-0.085
385	-0.001
386	-0.014
387	-0.001
388	0.046
389	0.002
390	0.015
391	-0.013
392	-0.017
393	-0.012
394	0.00300000000000011
395	-0.00700000000000001
396	0.0269999999999999
397	0.11
398	-0.00600000000000001
399	0.085
400	0.129
401	-0.131
402	0.005
403	0.00300000000000011
404	-0.00099999999999989
405	-0.004
406	0.001
407	-0.0150000000000001
408	-0.083
409	0
410	-0.206
411	0
412	-0.014
413	0
414	0
415	-0.027
416	-0.005
417	-0.0429999999999999
418	-0.00499999999999989
419	0.083
420	-0.00300000000000011
421	0.004
422	-0.014
423	0
424	0.059
425	0.021
