1	1.251
2	-1.464
3	1.323
4	1.095
5	-1.402
6	-0.243
7	-0.365
8	-0.542
9	-0.415
10	1.372
11	1.607
12	-1.045
13	-1.386
14	-0.825
15	-0.363
16	-0.264
17	1.731
18	0.131
19	1.156
20	-0.457
21	1.888
22	-0.117
23	0.321
24	-0.671
25	-0.824
26	0.594
27	0.631
28	1.254
29	0.23
30	-0.075
31	-1.024
32	0.732
33	1.194
34	-0.345
35	0.763
36	1.724
37	-0.331
38	-0.859
39	-1.12
40	0.341
41	-1.349
42	1.707
43	-0.903
44	1.135
45	-0.116
46	1.01
47	1.657
48	-0.679
49	1.466
50	1.375
51	-0.757
52	-0.361
53	-0.249
54	-0.231
55	-0.384
56	-0.455
57	1.016
58	-1.064
59	0.614
60	1.123
61	-0.271
62	1.74
63	-0.32
64	-0.461
65	0.459
66	1.466
67	-0.011
68	1.769
69	-0.639
70	-0.487
71	-1.078
72	0.398
73	0.925
74	0.24
75	-1.05
76	-0.41
77	1.713
78	-0.846
79	1.352
80	-0.543
81	1.003
82	-0.33
83	-0.26
84	0.923
85	2.407
86	0.731
87	-0.819
88	-0.678
89	-0.093
90	-0.149
91	1.469
92	0.782
93	0.457
94	1.708
95	0.116
96	-0.356
97	-1.427
98	0.607
99	0.079
100	-0.415
101	-0.079
102	1.158
103	0.61
104	-0.856
105	-0.611
106	-0.211
107	-0.066
108	-0.898
109	-0.276
110	-0.456
111	0.982
112	1.317
113	0.096
114	1.403
115	-0.405
116	-0.513
117	-0.161
118	-0.01
119	-0.285
120	-0.727
121	-0.474
122	-1.038
123	-0.543
124	1.276
125	1.057
126	-1.159
127	1.244
128	0.364
129	-0.601
130	-0.481
131	0.701
132	0.209
133	0.061
134	1.023
135	0.644
136	1.37
137	-0.384
138	1.561
139	0.834
140	1.534
141	-1.615
142	-0.628
143	0.995
144	0.91
145	-1.169
146	-0.93
147	0.529
148	1.369
149	0.155
150	1.539
151	0.05
152	-0.367
153	-0.704
154	-0.123
155	-0.143
156	-0.577
157	1.604
158	-0.306
159	-0.402
160	-0.335
161	1.539
162	0.085
163	-0.386
164	1.541
165	-0.48
166	0.29
167	0.757
168	1.52
169	-1.19
170	0.501
171	-0.52
172	-0.568
173	1.347
174	0.09
175	-0.433
176	1.335
177	-0.61
178	-0.437
179	1.386
180	1.356
181	-0.292
182	1.392
183	-0.527
184	-0.515
185	-0.603
186	-0.418
187	0.955
188	0.042
189	0.398
190	-0.97
191	-0.262
192	-1.476
193	0.331
194	1.56
195	-0.071
196	1.209
197	0.314
198	-0.31
199	0.932
200	-0.96
201	-0.121
202	0.996
203	-0.768
204	1.033
205	1.327
206	-0.94
207	-1.485
208	-0.88
209	1.268
210	-0.53
211	-1.042
213	0.433
214	1.029
215	0.577
216	1.38
217	-0.149
218	-1.161
219	-0.295
220	-1.104
221	0.664
222	-0.182
223	1.615
224	0.309
225	1.017
226	0.208
227	1.48
228	-0.066
229	-1
230	0.103
231	1.45
232	0.874
233	1.498
234	0.349
235	1.244
236	-0.462
237	0.868
238	-0.869
239	-0.809
240	-0.207
241	1.734
242	-0.368
243	-0.569
244	-1.508
245	1.3
246	0.699
247	0.626
248	0.152
249	-0.959
250	-0.651
251	0.335
252	0.311
253	-0.452
254	0.197
255	-0.45
256	0.02
257	-0.392
258	1.485
259	1.656
260	1.75
261	-0.666
262	-0.104
263	0.391
264	-0.216
265	-0.274
266	1.609
267	-0.902
268	-0.498
269	-0.094
270	1.509
271	-0.167
272	-0.188
273	-0.326
274	1.104
275	-0.117
276	-0.423
277	-0.424
278	-1.078
279	-0.466
280	-0.535
281	-0.15
282	-1.655
283	1.538
284	0.348
285	1.471
286	0.668
287	1.994
288	-0.562
289	-0.346
290	1.051
291	-0.554
292	-0.68
293	0.834
294	-1.005
295	1.226
296	1.714
297	-0.369
298	0.659
299	0.841
300	1.836
301	-1.032
302	-0.885
303	1.25
304	-1.53
305	-0.569
306	-0.099
307	-0.738
308	0.032
309	-0.183
310	-0.256
311	1.382
312	-0.13
313	0.031
314	-0.098
315	-0.272
316	-1.318
317	1.445
318	-0.681
319	1.056
320	-0.484
321	0.915
322	0.018
323	1.265
324	0.914
325	0.592
326	-1.18
327	-0.597
328	1.35
329	2.021
330	1.216
331	1.84
332	-0.296
333	-0.933
334	-0.043
335	-0.073
336	-0.544
337	-0.795
338	0.922
339	2.082
340	0.188
341	-0.303
342	0.35
343	-0.587
344	-0.571
345	1.63
346	1.32
347	1.67
348	1.319
349	1.077
350	-0.893
351	-0.077
352	1.275
353	0.944
354	-0.713
355	-0.485
356	0.392
357	0.654
358	1.991
359	1.374
360	0.446
361	1.458
362	-0.995
363	1.739
364	-0.499
365	-0.865
366	0.522
367	0.617
368	-1.074
369	0.433
370	0.009
371	-0.934
372	-0.586
373	-0.001
374	-1.251
375	-0.572
376	1.614
377	-0.153
378	-0.849
379	-0.538
380	0.135
381	0.094
382	1.696
383	0.714
384	0.067
385	-0.211
386	-0.464
387	-0.361
388	1.436
389	-0.571
390	-0.477
391	-0.154
392	0.896
393	0.32
394	1.179
395	-0.299
396	-1.056
397	0.49
398	1.339
399	-1.333
400	0.843
401	-0.59
402	0.372
403	-1.849
404	1.185
405	0.711
406	-0.023
407	1.446
408	-0.074
409	1.444
410	-0.113
411	-0.335
412	-0.629
413	-0.684
414	1.394
415	0.231
416	-0.806
417	-0.703
418	1.568
419	-0.079
420	-1.082
421	-0.531
422	1.583
423	-0.509
424	0.084
425	-0.215
