1	1.251
2	-1.463
3	1.322
4	1.096
5	-1.4
6	-0.242
7	-0.361
8	-0.541
9	-0.409
10	1.372
11	1.607
12	-1.041
13	-1.384
14	-0.822
15	-0.362
16	-0.262
17	1.731
18	0.132
19	1.156
20	-0.455
21	1.888
22	-0.116
23	0.322
24	-0.67
25	-0.821
26	0.594
27	0.655
28	1.237
29	0.223
30	-0.361
31	-1.128
32	0.955
33	1.195
34	-0.586
35	0.763
36	1.664
37	-0.33
38	-0.856
39	-1.12
40	0.34
41	-1.349
42	1.706
43	-0.903
44	1.135
45	-0.117
46	1.106
47	1.708
48	-0.671
49	1.426
50	1.304
51	-0.759
52	-1.222
53	-0.25
54	-0.183
55	-0.398
56	-0.453
57	0.993
58	-1.064
59	0.614
60	1.123
61	-0.272
62	1.74
63	-0.317
64	-0.461
65	0.463
66	1.466
67	-0.01
68	1.763
69	-0.638
70	-0.486
71	-1.073
72	0.402
73	0.923
74	0.239
75	-1.047
76	-0.405
77	1.661
78	-0.839
79	1.352
80	-0.542
81	1.003
82	-0.324
83	-0.259
84	0.923
85	2.42
86	0.735
87	-0.816
88	-0.676
89	-0.09
90	-0.15
91	1.469
92	0.783
93	0.47
94	1.761
95	0.073
96	-0.346
97	-1.423
98	0.608
99	0.126
100	-0.413
101	0.009
102	1.082
103	0.595
104	-0.853
105	-0.613
106	-0.211
107	-0.066
108	-0.896
109	-0.275
110	-0.452
111	0.981
112	1.318
113	0.1
114	1.404
115	-0.4
116	-0.513
117	-0.155
118	0.013
119	-0.285
120	-0.686
121	-0.473
122	-1.036
123	-0.536
124	1.273
125	1.057
126	-1.174
127	1.244
128	0.365
129	-0.599
130	-0.48
131	0.711
132	0.207
133	0.061
134	1.023
135	0.644
136	1.37
137	-0.382
138	1.561
139	0.835
140	1.534
141	-1.608
142	-0.626
143	0.995
144	0.842
145	-1.164
146	-0.929
147	0.528
148	1.367
149	0.154
150	1.538
151	0.051
152	-0.366
153	-0.704
154	-0.12
155	-0.139
156	-0.577
157	1.602
158	-0.305
159	-0.4
160	-0.33
161	1.539
162	0.087
163	-0.384
164	1.541
165	-0.477
166	0.292
167	0.782
168	1.533
169	-1.174
170	0.458
171	-0.518
172	-0.566
173	1.33
174	0.088
175	-0.438
176	1.335
177	-0.607
178	-0.435
179	1.386
180	1.356
181	-0.29
182	1.393
183	-0.524
184	-0.51
185	-0.604
186	-0.416
187	0.955
188	0.04
189	0.401
190	-0.971
191	-0.261
192	-1.476
193	0.339
194	1.56
195	-0.067
196	1.209
197	0.314
198	-0.308
199	0.931
200	-0.958
201	-0.143
202	0.993
203	-0.768
204	1.032
205	1.315
206	-0.937
207	-1.483
208	-0.894
209	1.27
210	-0.544
211	-1.041
213	0.431
214	1.031
215	0.579
216	1.38
217	-0.151
218	-1.16
219	-0.288
220	-1.101
221	0.666
222	-0.187
223	1.617
224	0.31
225	1.017
226	0.215
227	1.48
228	-0.065
229	-0.996
230	0.106
231	1.451
232	0.876
233	1.498
234	0.35
235	1.245
236	-0.454
237	0.869
238	-0.863
239	-0.804
240	-0.202
241	1.733
242	-0.367
243	-0.567
244	-1.508
245	1.3
246	0.7
247	0.627
248	0.154
249	-0.958
250	-0.65
251	0.335
252	0.317
253	-0.453
254	0.196
255	-0.451
256	0.021
257	-0.392
258	1.485
259	1.656
260	1.75
261	-0.662
262	-0.1
263	0.392
264	-0.214
265	-0.276
266	1.609
267	-0.903
268	-0.497
269	-0.097
270	1.509
271	-0.168
272	-0.193
273	-0.321
274	1.105
275	-0.115
276	-0.422
277	-0.421
278	-1.075
279	-0.459
280	-0.534
281	-0.146
282	-1.646
283	1.538
284	0.353
285	1.471
286	0.672
287	1.994
288	-0.56
289	-0.346
290	1.052
291	-0.548
292	-0.678
293	0.835
294	-1.004
295	1.226
296	1.709
297	-0.368
298	0.66
299	0.842
300	1.836
301	-1.031
302	-0.883
303	1.251
304	-1.526
305	-0.566
306	-0.099
307	-0.737
308	0.031
309	-0.184
310	-0.256
311	1.382
312	-0.128
313	0.035
314	-0.096
315	-0.271
316	-1.314
317	1.446
318	-0.675
319	1.056
320	-0.481
321	0.914
322	0.015
323	1.266
324	0.915
325	0.592
326	-1.174
327	-0.593
328	1.35
329	2.021
330	1.216
331	1.832
332	-0.297
333	-0.929
334	-0.04
335	-0.098
336	-0.563
337	-0.799
338	0.922
339	2.088
340	0.189
341	-0.303
342	0.351
343	-0.589
344	-0.568
345	1.63
346	1.321
347	1.67
348	1.319
349	1.078
350	-0.892
351	-0.074
352	1.275
353	0.947
354	-0.708
355	-0.485
356	0.389
357	0.654
358	1.991
359	1.374
360	0.447
361	1.458
362	-0.99
363	1.739
364	-0.493
365	-0.869
366	0.525
367	0.617
368	-1.062
369	0.433
370	0.01
371	-0.933
372	-0.583
373	-0.004
374	-1.25
375	-0.571
376	1.614
377	-0.152
378	-0.857
379	-0.536
380	0.135
381	0.094
382	1.692
383	0.722
384	0.069
385	-0.208
386	-0.46
387	-0.357
388	1.436
389	-0.568
390	-0.477
391	-0.151
392	0.896
393	0.318
394	1.18
395	-0.293
396	-1.049
397	0.493
398	1.337
399	-1.329
400	0.843
401	-0.587
402	0.372
403	-1.812
404	1.185
405	0.712
406	-0.02
407	1.446
408	-0.07
409	1.444
410	-0.115
411	-0.334
412	-0.628
413	-0.679
414	1.394
415	0.228
416	-0.801
417	-0.699
418	1.569
419	-0.077
420	-1.082
421	-0.53
422	1.584
423	-0.506
424	0.084
425	-0.22
