1	-0.002
2	0.00099999999999989
3	-0.002
4	0.0170000000000001
5	0.0110000000000001
6	-0.017
7	0.00800000000000001
8	-0.028
9	-0.002
10	0.0590000000000002
11	0.024
12	-0.0519999999999999
13	-0.00099999999999989
14	-0.001
15	-0.018
16	-0.004
17	0.00700000000000012
18	0.109
19	0
20	0.003
21	-0.00100000000000011
22	-0.00800000000000001
23	-0.001
24	0.002
25	0.001
26	-0.017
27	0.022
28	-0.0199999999999998
29	-0.00900000000000001
30	-0.426
31	-0.103
32	0.187
33	0.00300000000000011
34	0.003
35	0.00600000000000001
36	0
37	0.011
38	0.002
39	-0.002
40	-0.002
41	0
42	0.00600000000000001
43	-0.001
44	-0.012
45	-0.064
46	0.00100000000000011
47	-0.00100000000000011
48	-0.003
49	0.00099999999999989
50	-0.022
51	-0.001
52	-0.859
53	0.012
54	0.045
55	-0.003
56	-0.00600000000000001
57	0.00800000000000001
58	0.00499999999999989
59	-0.00700000000000001
60	0.0209999999999999
61	-0.002
62	0.00299999999999989
63	0.015
64	0
65	0.003
66	0.00299999999999989
67	0.005
68	0.00299999999999989
69	0.003
70	-0.032
71	-0.002
72	-0.046
73	0
74	0.002
75	0.00100000000000011
76	0.00999999999999995
77	0.00100000000000011
78	-0.175
79	0.002
80	0.00900000000000001
81	0.00099999999999989
82	0.002
83	-0.014
84	0.001
85	0.0819999999999999
86	0.002
87	0.014
88	-0.003
89	-0.004
90	-0.002
91	-0.00299999999999989
92	0.001
93	0
94	0.0169999999999999
95	0.00299999999999999
96	-0.002
97	-0.00500000000000012
98	-0.051
99	0.035
100	-0.002
101	0.002
102	-0.00800000000000001
103	-0.001
104	-0.012
105	0.00600000000000001
106	0
107	0.001
108	0.002
109	-0.004
110	0.04
111	0.003
112	0.00600000000000001
113	0.003
114	-0.00100000000000011
115	-0.002
116	-0.005
117	-0.213
118	-0.016
119	0.047
120	-0.015
121	-0.001
122	-0.00300000000000011
123	-0.002
124	-0.00800000000000001
125	-0.0170000000000001
126	-0.012
127	0.002
128	-0.071
129	-0.01
130	0
131	0.00600000000000001
132	-0.015
133	0.015
134	-0.004
135	0
136	-0.0139999999999998
137	0.001
138	-0.00100000000000011
139	-0.037
140	0
141	-0.00800000000000001
142	-0.034
143	0
144	-0.0700000000000001
145	-0.01
146	0.001
147	0.004
148	0
149	-0.018
150	0
151	0
152	-0.01
153	0.001
154	-0.001
155	0.00399999999999998
156	-0.001
157	-0.00600000000000001
158	0.002
159	0.00699999999999995
160	0.003
161	0.002
162	-0.004
163	0.018
164	-0.012
165	-0.016
166	0.00800000000000001
167	0.018
168	-0.112
169	0.00600000000000001
170	0.373
171	0.016
172	0.018
173	0.157
174	-0.088
175	0.028
176	0.002
177	0.002
178	0.002
179	-0.002
180	0.00100000000000011
181	0.002
182	0.00100000000000011
183	-0.00900000000000001
184	0
185	-0.002
186	-0.001
187	0
188	0
189	-0.018
190	-0.00800000000000001
191	-0.00900000000000001
192	-0.0269999999999999
193	0.00600000000000001
194	-0.004
195	0.00699999999999999
196	0.002
197	0.05
198	0.002
199	0.001
200	0.004
201	-0.052
202	-0.003
203	0.002
204	-0.0149999999999999
205	-0.01
206	0.00299999999999989
207	0.002
208	-0.024
209	0.00100000000000011
210	-0.019
211	0
213	-0.001
214	-0.00500000000000012
215	0.001
216	-0.0130000000000001
217	0.00900000000000001
218	-0.004
219	0.011
220	-0.01
221	0.121
222	-0.005
223	-0.00600000000000001
224	-0.038
225	0
226	-0.125
227	-0.05
228	0.00899999999999999
229	-0.001
230	0.114
231	0.00600000000000001
232	0.001
233	0.0329999999999999
234	-0.012
235	-0.0129999999999999
236	0.012
237	0
238	0
239	0.003
240	0.00199999999999997
241	-0.002
242	0.002
243	-0.0109999999999999
244	0.0109999999999999
245	-0.0069999999999999
246	0.002
247	-0.002
248	-0.049
249	-0.003
250	-0.014
251	-0.002
252	0.011
253	0.001
254	0.018
255	-0.00600000000000001
256	-0.003
257	-0.004
258	0.00900000000000012
259	-0.00100000000000011
260	0.00299999999999989
261	0.02
262	-0.032
263	-0.002
264	-0.014
265	0.003
266	0
267	-0.017
268	0.00900000000000001
269	-0.005
270	0.0129999999999999
271	0.001
272	-0.004
273	0.244
274	0
275	0.00499999999999999
276	0.002
277	0.00700000000000001
278	0.00100000000000011
279	0.011
280	0.002
281	0.004
282	-0.0299999999999998
283	0.0409999999999999
284	0.00999999999999995
285	0
286	0.022
287	0.00099999999999989
288	-0.00700000000000001
289	-0.00899999999999995
290	-0.002
291	0.0639999999999999
292	-0.037
293	0.003
294	0.048
295	-0.00100000000000011
296	-0.002
297	-0.001
298	-0.001
299	0
300	0.00600000000000001
301	0.00100000000000011
302	-0.003
303	0.00499999999999989
304	-0.0269999999999999
305	0.001
306	0.042
307	0.001
308	-0.036
309	-0.054
310	0.005
311	0.00099999999999989
312	0.004
313	-0.005
314	0.002
315	0
316	-0.0410000000000001
317	0
318	0.002
319	-0.271
320	-0.001
321	0.049
322	-0.006
323	0
324	0.002
325	-0.001
326	0.00300000000000011
327	0.019
328	-0.00099999999999989
329	0.00300000000000011
330	-0.00300000000000011
331	-0.01
332	-0.061
333	0.004
334	-0.015
335	-0.018
336	-0.0169999999999999
337	-0.0870000000000001
338	-0.0489999999999999
339	-0.004
340	-0.001
341	0.002
342	0.014
343	-0.0429999999999999
344	0.001
345	-0.004
346	0.00099999999999989
347	-0.00300000000000011
348	0
349	0.0230000000000001
350	0
351	-0.061
352	-0.00800000000000001
353	-0.013
354	-0.0489999999999999
355	0.002
356	-0.002
357	0.014
358	-0.00099999999999989
359	-0.233
360	0.089
361	-0.314
362	0.03
363	0.00100000000000011
364	0.004
365	-0.033
366	-0.004
367	-0.00700000000000001
368	-0.012
369	-0.023
370	0.001
371	-0.00700000000000001
372	-0.012
373	0.003
374	-0.0069999999999999
375	0.001
376	-0.002
377	-0.018
378	0.00600000000000001
379	0.002
380	-0.111
381	0
382	-0.00100000000000011
383	-0.015
384	-0.083
385	0.002
386	-0.01
387	0.003
388	0.046
389	0.005
390	0.015
391	-0.01
392	-0.017
393	-0.014
394	0.004
395	-0.001
396	0.034
397	0.113
398	-0.00800000000000001
399	0.089
400	0.129
401	-0.128
402	0.005
403	0.04
404	-0.00099999999999989
405	-0.003
406	0.004
407	-0.0150000000000001
408	-0.079
409	0
410	-0.208
411	0.001
412	-0.013
413	0.005
414	0
415	-0.03
416	0
417	-0.0389999999999999
418	-0.004
419	0.085
420	-0.00300000000000011
421	0.005
422	-0.0129999999999999
423	0.003
424	0.059
425	0.016
