#Res ChainRes DensityRes AA NativeEnergy DecoyEnergy SDEnergy FrstIndex
1 A 3.040 V -2.966 -1.126 1.471 1.251
2 A 0.155 Q 0.402 -1.105 1.030 -1.463
3 A 4.764 L -7.678 -2.785 3.700 1.322
4 A 1.087 V -2.979 -2.123 0.781 1.096
5 A 6.010 E 3.051 -2.386 3.883 -1.400
6 A 1.981 S -1.316 -1.515 0.820 -0.242
7 A 1.876 G -1.218 -1.605 1.074 -0.361
8 A 2.547 G -1.009 -2.393 2.557 -0.541
9 A 2.544 G -0.865 -1.757 2.178 -0.409
10 A 1.700 L -2.751 -1.759 0.722 1.372
11 A 2.001 I -6.310 -2.417 2.423 1.607
12 A 0.987 Q -0.474 -1.477 0.964 -1.041
13 A 4.900 P 2.136 -0.926 2.211 -1.384
14 A 2.000 G -1.314 -1.943 0.765 -0.822
15 A 1.083 G -1.287 -1.854 1.568 -0.362
16 A 1.915 S -1.814 -1.978 0.624 -0.262
17 A 1.873 L -7.230 -3.104 2.384 1.731
18 A 1.990 R -1.849 -1.757 0.704 0.132
19 A 3.121 L -5.349 -2.140 2.775 1.156
20 A 4.022 S -0.308 -1.315 2.215 -0.455
21 A 2.684 C -8.545 -2.298 3.309 1.888
22 A 1.969 A -2.142 -2.271 1.108 -0.116
23 A 2.047 A -4.638 -3.915 2.245 0.322
24 A 0.171 S -0.843 -1.557 1.065 -0.670
25 A 1.024 G -1.067 -1.462 0.481 -0.821
26 A 1.004 F -2.296 -1.756 0.910 0.594
27 A 0.893 T -1.269 -0.824 0.679 0.655
28 A 3.043 V -4.468 -1.328 2.539 1.237
29 A 0.108 S -1.750 -1.573 0.792 0.223
30 A 1.000 S -0.812 -1.041 0.634 -0.361
31 A 2.006 N 1.510 -1.421 2.598 -1.128
32 A 3.993 Y -3.868 -1.267 2.724 0.955
33 A 4.164 M -6.121 -1.911 3.522 1.195
34 A 3.337 S 0.024 -2.721 4.681 -0.586
35 A 4.901 W -8.087 -3.648 5.817 0.763
36 A 2.200 V -8.776 -3.305 3.288 1.664
37 A 1.460 R -1.877 -2.719 2.550 -0.330
38 A 1.990 Q -1.255 -2.836 1.848 -0.856
39 A 1.332 A -1.344 -2.391 0.935 -1.120
40 A 0.008 P -1.765 -1.553 0.624 0.340
41 A 0.000 G -0.444 -0.868 0.314 -1.349
42 A 0.000 K -2.416 -1.337 0.633 1.706
43 A 0.994 G -1.337 -2.124 0.871 -0.903
44 A 1.502 L -4.409 -2.539 1.648 1.135
45 A 0.028 E -2.518 -2.662 1.231 -0.117
46 A 3.342 W -4.392 -1.086 2.988 1.106
47 A 1.915 V -7.663 -2.420 3.069 1.708
48 A 3.756 S 0.935 -1.953 4.301 -0.671
49 A 3.653 V -6.077 -1.532 3.186 1.426
50 A 2.938 I -5.034 -1.462 2.738 1.304
51 A 1.000 Y -1.196 -2.053 1.129 -0.759
52 A 2.997 P 0.500 -1.088 1.299 -1.222
53 A 0.000 G -0.987 -1.208 0.883 -0.250
54 A 0.000 G -1.446 -1.617 0.936 -0.183
55 A 0.000 S -0.661 -1.003 0.859 -0.398
56 A 0.000 T -0.096 -1.011 2.022 -0.453
57 A 1.965 F -3.602 -2.020 1.593 0.993
58 A 0.993 Y -0.744 -2.594 1.739 -1.064
59 A 2.344 A -2.524 -1.091 2.334 0.614
60 A 0.035 D -0.822 -0.303 0.462 1.123
61 A 0.003 S -2.214 -2.616 1.478 -0.272
62 A 1.410 V -5.767 -2.887 1.654 1.740
63 A 0.000 K -0.973 -1.157 0.582 -0.317
64 A 0.000 G -1.012 -1.385 0.809 -0.461
65 A 2.107 R -2.641 -2.094 1.181 0.463
66 A 3.543 F -5.253 -1.301 2.695 1.466
67 A 0.029 T -1.715 -1.726 1.123 -0.010
68 A 2.059 I -9.530 -2.953 3.731 1.763
69 A 0.006 S -1.030 -1.817 1.233 -0.638
70 A 2.221 R -1.308 -2.451 2.352 -0.486
71 A 0.000 D 0.395 -0.646 0.970 -1.073
72 A 0.155 N -1.479 -1.317 0.402 0.402
73 A 0.000 S -0.667 -0.263 0.438 0.923
74 A 0.000 K -1.375 -1.274 0.422 0.239
75 A 2.892 N 0.496 -1.509 1.915 -1.047
76 A 2.791 T -0.329 -0.908 1.431 -0.405
77 A 3.034 L -8.101 -2.051 3.643 1.661
78 A 2.197 Y -0.838 -1.668 0.990 -0.839
79 A 2.192 L -7.696 -3.736 2.928 1.352
80 A 1.394 Q -1.853 -2.450 1.103 -0.542
81 A 2.957 M -6.517 -2.214 4.289 1.003
82A A 1.994 N -1.554 -1.849 0.911 -0.324
83B A 2.087 S -1.616 -1.762 0.564 -0.259
84C A 5.386 L -3.529 -0.638 3.131 0.923
85 A 1.918 R -2.067 -0.696 0.566 2.420
86 A 2.896 A -1.278 -0.415 1.174 0.735
87 A 0.000 E -0.105 -0.867 0.935 -0.816
88 A 1.480 D -1.882 -3.867 2.936 -0.676
89 A 3.832 T -1.697 -2.035 3.755 -0.090
90 A 2.327 A -3.032 -3.284 1.688 -0.150
91 A 3.488 V -3.898 -1.007 1.967 1.469
92 A 5.996 Y -5.591 -2.225 4.301 0.783
93 A 4.898 Y -4.355 -2.456 4.036 0.470
94 A 5.171 C -11.079 -2.442 4.905 1.761
95 A 1.969 A -3.281 -3.010 3.714 0.073
96 A 1.746 R -1.172 -2.096 2.668 -0.346
97 A 2.056 D 3.092 -2.132 3.671 -1.423
98 A 0.003 L -1.588 -0.995 0.976 0.608
99 A 0.988 G -1.537 -1.314 1.777 0.126
100 A 2.014 T -0.139 -0.840 1.699 -0.413
101 A 2.895 G -1.226 -1.199 2.915 0.009
102 A 2.967 L -3.442 -1.031 2.230 1.082
103A A 1.758 F -3.528 -2.348 1.982 0.595
104 A 1.116 D -0.096 -2.173 2.434 -0.853
105 A 1.977 Y -1.976 -3.191 1.982 -0.613
106 A 2.038 W -3.148 -3.470 1.529 -0.211
107 A 4.115 G -1.720 -1.879 2.420 -0.066
108 A 0.746 Q -0.614 -1.893 1.427 -0.896
109 A 3.998 G -1.737 -2.764 3.736 -0.275
110 A 5.162 T -0.676 -1.874 2.651 -0.452
111 A 2.495 L -2.808 -1.913 0.912 0.981
112 A 5.763 V -7.187 -1.832 4.064 1.318
113 A 3.685 T -0.488 -0.295 1.927 0.100
114 A 6.869 V -5.247 -0.326 3.506 1.404
115 A 1.678 S -1.328 -1.965 1.591 -0.400
116 A 1.986 S -0.417 -0.678 0.510 -0.513
117 A 1.740 A -1.403 -1.487 0.539 -0.155
118 A 0.000 S -1.121 -1.114 0.520 0.013
119 A 3.025 T -0.177 -0.614 1.535 -0.285
120 A 2.160 K -1.235 -2.059 1.201 -0.686
121 A 2.854 G -0.550 -1.393 1.784 -0.473
122 A 4.140 P 2.218 -1.970 4.043 -1.036
123 A 2.581 S -0.602 -1.191 1.098 -0.536
124 A 4.351 V -5.085 -1.253 3.010 1.273
125 A 3.975 F -1.677 -0.179 1.417 1.057
126 A 2.726 P 0.899 -1.840 2.333 -1.174
127 A 1.300 L -8.401 -3.825 3.677 1.244
128 A 2.137 A -1.655 -1.153 1.377 0.365
129 A 1.947 P -0.732 -2.064 2.226 -0.599
130 A 0.002 S -1.065 -1.863 1.663 -0.480
131 A 0.997 G -0.893 -0.666 0.318 0.711
132 A 0.159 G -1.282 -1.215 0.323 0.207
133 A 1.708 T -1.547 -1.513 0.553 0.061
134 A 2.918 A -3.987 -1.348 2.579 1.023
135 A 3.059 A -4.240 -2.096 3.328 0.644
136 A 2.908 L -9.651 -3.061 4.809 1.370
137 A 4.379 G -1.094 -2.936 4.815 -0.382
138 A 3.883 C -11.093 -2.406 5.563 1.561
139 A 3.036 L -2.860 -0.716 2.567 0.835
140 A 3.166 V -9.106 -2.701 4.175 1.534
141 A 3.262 K 3.136 -1.449 2.851 -1.608
142 A 2.334 D -1.457 -2.136 1.083 -0.626
143 A 4.514 Y -3.306 -0.847 2.471 0.995
144 A 4.894 F -2.207 -0.549 1.970 0.842
145 A 4.074 P 1.438 -0.423 1.599 -1.164
146 A 1.516 E -1.322 -2.873 1.669 -0.929
147 A 0.002 P -2.031 -1.666 0.691 0.528
148 A 4.670 V -5.426 -0.973 3.257 1.367
149 A 0.019 T -2.098 -1.958 0.913 0.154
150 A 3.032 V -7.978 -2.789 3.373 1.538
151 A 0.112 S -2.813 -2.757 1.107 0.051
152 A 2.017 W -2.503 -3.518 2.773 -0.366
153 A 1.148 N -1.537 -2.378 1.195 -0.704
154 A 0.986 S -1.128 -1.275 1.226 -0.120
155 A 0.000 G -0.334 -0.490 1.114 -0.139
156 A 0.000 A -0.141 -0.535 0.683 -0.577
157 A 0.184 L -4.397 -2.343 1.282 1.602
158 A 0.000 T -0.980 -1.373 1.289 -0.305
159 A 0.000 S -1.265 -1.672 1.017 -0.400
160 A 2.000 G -1.914 -2.369 1.380 -0.330
161 A 0.925 V -5.267 -2.511 1.790 1.539
162 A 2.917 H -1.471 -1.285 2.130 0.087
163 A 1.454 T -2.580 -3.408 2.156 -0.384
164 A 3.297 F -5.997 -1.405 2.980 1.541
165 A 0.977 P -1.829 -2.170 0.715 -0.477
166 A 0.998 A -2.406 -1.961 1.526 0.292
167 A 1.704 V -1.945 -1.235 0.908 0.782
168 A 0.000 L -3.207 -1.727 0.965 1.533
169 A 0.029 Q 0.567 -0.754 1.125 -1.174
170 A 0.000 S -1.569 -1.381 0.411 0.458
171 A 0.002 S -0.497 -1.001 0.973 -0.518
172 A 0.775 G -0.674 -1.530 1.513 -0.566
173 A 2.535 L -2.045 -0.948 0.825 1.330
174 A 2.514 Y -2.685 -2.478 2.342 0.088
175 A 1.458 S -1.077 -1.738 1.509 -0.438
176 A 1.344 L -6.993 -3.189 2.849 1.335
177 A 3.397 S -0.069 -2.876 4.623 -0.607
178 A 3.504 S -1.508 -3.459 4.489 -0.435
179 A 3.919 V -8.753 -2.825 4.277 1.386
180 A 4.828 V -7.584 -2.394 3.826 1.356
181 A 3.945 T -0.840 -1.562 2.496 -0.290
182 A 1.027 V -5.630 -2.883 1.972 1.393
183 A 0.014 P -0.706 -0.998 0.559 -0.524
184 A 2.694 S -0.581 -1.308 1.425 -0.510
185 A 0.000 S -0.717 -1.156 0.727 -0.604
186 A 0.000 S -0.364 -0.743 0.911 -0.416
187 A 2.996 L -1.882 -0.217 1.743 0.955
188 A 0.011 G -1.447 -1.406 1.031 0.040
189 A 0.000 T -1.209 -1.032 0.443 0.401
190 A 0.000 Q -1.048 -1.895 0.872 -0.971
191 A 0.963 T -1.303 -1.471 0.645 -0.261
192 A 2.161 Y -0.739 -3.561 1.913 -1.476
193 A 3.366 I -0.277 0.055 0.980 0.339
194 A 5.284 C -9.577 -2.104 4.791 1.560
195 A 1.110 N -2.142 -2.229 1.285 -0.067
196 A 4.784 V -6.470 -2.153 3.570 1.209
197 A 0.902 N -1.799 -1.586 0.676 0.314
198 A 3.937 H -0.031 -0.971 3.053 -0.308
199 A 0.002 K -2.512 -1.639 0.938 0.931
200 A 1.999 P -1.157 -2.116 1.001 -0.958
201 A 0.884 S -2.125 -2.256 0.912 -0.143
202 A 0.000 N -2.519 -1.541 0.985 0.993
203 A 1.954 T -0.762 -1.824 1.383 -0.768
204 A 0.000 K -2.543 -1.673 0.843 1.032
205 A 0.363 V -2.727 -1.804 0.702 1.315
206 A 1.000 D -1.505 -2.200 0.741 -0.937
207 A 4.349 K 4.303 -2.311 4.459 -1.483
208 A 1.971 K -0.206 -1.061 0.956 -0.894
209 A 5.563 V -6.045 -1.625 3.480 1.270
210 A 0.122 E -0.506 -1.052 1.002 -0.544
211 A 2.949 P 0.863 -1.265 2.044 -1.041
213 B 0.000 D -2.037 -1.594 1.029 0.431
214 B 5.967 I -2.144 -0.170 1.915 1.031
215 B 0.299 Q -2.180 -1.726 0.786 0.579
216 B 5.006 L -7.632 -2.661 3.603 1.380
217 B 1.035 T -2.350 -2.461 0.736 -0.151
218 B 6.186 Q 2.568 -0.903 2.993 -1.160
219 B 1.019 S -1.536 -1.724 0.652 -0.288
220 B 1.432 P 0.020 -1.922 1.764 -1.101
221 B 0.824 S -2.373 -1.885 0.732 0.666
222 B 1.000 F -0.630 -0.697 0.358 -0.187
223 B 1.709 L -4.348 -1.955 1.480 1.617
224 B 1.121 S -2.906 -2.599 0.988 0.310
225 B 2.988 A -4.841 -1.265 3.515 1.017
226 B 0.984 S -0.811 -0.706 0.488 0.215
227 B 2.175 V -3.687 -1.982 1.152 1.480
228 B 1.806 G -2.453 -2.512 0.904 -0.065
229 B 0.973 D -0.446 -2.132 1.692 -0.996
230 B 1.229 R -2.098 -2.027 0.667 0.106
231 B 1.222 V -5.861 -2.794 2.114 1.451
232 B 1.990 T -2.517 -1.885 0.721 0.876
233 B 3.171 I -7.280 -2.467 3.213 1.498
234 B 2.194 T -2.421 -2.080 0.975 0.350
235 B 2.120 C -5.887 -3.069 2.264 1.245
236 B 2.999 R -0.379 -0.940 1.236 -0.454
237 B 3.321 A -4.755 -1.791 3.411 0.869
238 B 1.260 S -0.909 -2.021 1.289 -0.863
239 B 1.019 Q -0.853 -1.901 1.302 -0.804
240 B 1.022 G -0.950 -1.171 1.094 -0.202
241 B 2.951 I -7.047 -1.468 3.219 1.733
242 B 1.985 S -0.448 -0.889 1.203 -0.367
243 B 2.297 S -0.913 -2.239 2.339 -0.567
244 B 1.029 Y -0.084 -1.891 1.198 -1.508
245 B 4.555 L -7.673 -2.406 4.052 1.300
246 B 4.284 A -5.882 -2.564 4.742 0.700
247 B 2.815 W -5.704 -3.180 4.028 0.627
248 B 1.138 Y -2.658 -2.275 2.479 0.154
249 B 1.986 Q -0.946 -2.620 1.748 -0.958
250 B 2.102 Q -1.875 -2.666 1.216 -0.650
251 B 0.991 K -2.094 -1.796 0.888 0.335
252 B 0.920 P -1.284 -1.084 0.630 0.317
253 B 0.000 G -1.028 -1.325 0.655 -0.453
254 B 0.000 K -1.647 -1.352 1.507 0.196
255 B 2.242 A -1.862 -2.630 1.704 -0.451
256 B 0.530 P -3.482 -3.450 1.525 0.021
257 B 0.000 K -1.670 -2.185 1.315 -0.392
258 B 1.892 L -6.157 -2.283 2.610 1.485
259 B 0.999 L -5.811 -2.135 2.220 1.656
260 B 2.285 I -8.745 -3.010 3.277 1.750
261 B 1.720 Y -1.514 -3.146 2.464 -0.662
262 B 1.000 A -1.272 -1.439 1.664 -0.100
263 B 4.799 A -3.309 -2.013 3.306 0.392
264 B 1.006 S -1.768 -2.118 1.631 -0.214
265 B 0.000 T -1.283 -1.575 1.057 -0.276
266 B 0.000 L -5.099 -2.503 1.614 1.609
267 B 0.128 Q 0.347 -2.447 3.095 -0.903
268 B 0.000 S -1.270 -1.482 0.426 -0.497
269 B 0.000 G -1.125 -1.172 0.484 -0.097
270 B 0.000 V -4.408 -2.150 1.496 1.509
271 B 0.000 P -1.705 -1.828 0.734 -0.168
272 B 0.000 S -1.527 -1.619 0.478 -0.193
273 B 2.586 R -1.014 -1.432 1.302 -0.321
274 B 2.290 F -5.972 -3.074 2.624 1.105
275 B 0.012 S -2.671 -2.781 0.957 -0.115
276 B 1.668 G -1.097 -2.342 2.953 -0.422
277 B 0.989 S -1.659 -2.046 0.917 -0.421
278 B 1.017 G -0.242 -1.839 1.485 -1.075
279 B 2.993 S -0.391 -1.195 1.754 -0.459
280 B 2.071 G -1.149 -1.941 1.484 -0.534
281 B 2.877 T -1.117 -1.336 1.500 -0.146
282 B 1.016 E -0.794 -1.618 0.501 -1.646
283 B 2.913 F -7.700 -2.388 3.454 1.538
284 B 1.998 T -1.588 -1.291 0.841 0.353
285 B 2.980 L -8.922 -2.859 4.123 1.471
286 B 1.045 T -2.210 -1.564 0.961 0.672
287 B 2.123 I -6.654 -2.923 1.871 1.994
288 B 1.584 S -1.120 -1.609 0.873 -0.560
289 B 2.129 S -1.802 -2.072 0.782 -0.346
290 B 4.877 L -3.904 -0.940 2.817 1.052
291 B 0.184 Q -1.147 -1.553 0.741 -0.548
292 B 1.000 P -0.990 -2.088 1.620 -0.678
293 B 0.000 E -1.321 -0.974 0.416 0.835
294 B 0.003 D -0.659 -2.897 2.229 -1.004
295 B 2.990 F -3.107 -0.987 1.729 1.226
296 B 3.804 A -0.797 0.703 0.878 1.709
297 B 2.916 T -0.086 -0.542 1.242 -0.368
298 B 5.656 Y -5.263 -2.398 4.343 0.660
299 B 3.945 Y -3.421 -1.184 2.657 0.842
300 B 4.535 C -10.112 -1.916 4.465 1.836
301 B 0.883 Q 0.489 -3.630 3.995 -1.031
302 B 5.330 Q 1.316 -2.183 3.963 -0.883
303 B 3.671 L -4.787 -1.468 2.654 1.251
304 B 1.014 D 0.785 -1.468 1.477 -1.526
305 B 1.000 S -1.135 -1.593 0.809 -0.566
306 B 0.971 Y -0.753 -0.872 1.195 -0.099
307 B 6.659 P 1.446 -1.591 4.120 -0.737
308A B 1.068 P -2.870 -2.809 1.947 0.031
309 B 0.995 G -1.635 -1.996 1.958 -0.184
310 B 2.036 T -3.017 -3.492 1.853 -0.256
311 B 1.633 F -4.707 -2.521 1.582 1.382
312 B 2.027 G -1.937 -2.054 0.911 -0.128
313 B 1.047 P -2.176 -2.151 0.712 0.035
314 B 3.843 G -1.689 -1.967 2.889 -0.096
315 B 4.971 T -0.886 -1.786 3.323 -0.271
316 B 1.819 K -0.409 -1.732 1.007 -1.314
317 B 3.998 V -8.954 -2.444 4.503 1.446
318 B 2.991 D 0.623 -0.480 1.632 -0.675
319 B 2.710 I -2.480 -1.002 1.400 1.056
320 B 2.007 K -1.879 -2.251 0.774 -0.481
321 B 1.296 R -3.406 -2.419 1.080 0.914
322 B 0.003 T -1.090 -1.085 0.322 0.015
323 B 2.983 V -2.170 -0.822 1.065 1.266
324 B 3.050 A -1.742 -0.800 1.030 0.915
325 B 2.910 A -3.815 -2.021 3.032 0.592
326 B 3.080 P 1.842 -2.106 3.363 -1.174
327 B 0.957 S -0.988 -1.791 1.355 -0.593
328 B 4.395 V -7.952 -2.088 4.344 1.350
329 B 0.222 F -7.012 -3.779 1.599 2.021
330 B 3.020 I -6.566 -2.687 3.190 1.216
331 B 0.205 F -7.537 -3.521 2.192 1.832
332 B 1.820 P -2.465 -3.077 2.059 -0.297
333 B 0.661 P -0.510 -3.131 2.823 -0.929
334 B 1.779 S -1.569 -1.607 0.964 -0.040
335 B 0.000 D -1.521 -1.584 0.642 -0.098
336 B 1.000 E -0.822 -1.203 0.676 -0.563
337 B 0.992 Q 0.114 -0.742 1.072 -0.799
338 B 1.004 L -1.277 -0.547 0.791 0.922
339 B 0.000 K -2.797 -0.801 0.956 2.088
340 B 0.583 S -1.897 -1.750 0.778 0.189
341 B 1.000 G -1.069 -1.242 0.574 -0.303
342 B 0.012 T -2.034 -1.676 1.019 0.351
343 B 1.986 A -1.989 -2.714 1.229 -0.589
344 B 3.596 S 1.638 -0.415 3.617 -0.568
345 B 1.981 V -6.729 -2.360 2.681 1.630
346 B 4.196 V -6.926 -2.159 3.610 1.321
347 B 1.680 C -8.573 -3.563 3.000 1.670
348 B 3.175 L -7.431 -2.486 3.749 1.319
349 B 2.941 L -6.744 -2.706 3.747 1.078
350 B 3.088 N 1.214 -1.509 3.054 -0.892
351 B 3.015 N -0.787 -0.878 1.219 -0.074
352 B 4.942 F -7.358 -1.877 4.298 1.275
353 B 4.098 Y -2.365 -0.703 1.755 0.947
354 B 0.781 P -1.044 -1.619 0.812 -0.708
355 B 0.252 R -1.907 -2.377 0.970 -0.485
356 B 0.000 E -0.707 -0.495 0.544 0.389
357 B 2.114 A -4.217 -2.680 2.348 0.654
358 B 0.015 K -2.961 -1.428 0.770 1.991
359 B 2.819 V -5.890 -2.225 2.667 1.374
360 B 0.758 Q -3.330 -2.884 0.998 0.447
361 B 1.562 W -5.636 -3.229 1.651 1.458
362 B 1.047 K -0.192 -1.559 1.381 -0.990
363 B 1.980 V -6.853 -2.689 2.394 1.739
364 B 2.975 D 0.233 -0.539 1.566 -0.493
365 B 0.046 N -0.494 -1.061 0.653 -0.869
366 B 0.000 A -0.533 -0.293 0.457 0.525
367 B 0.000 L -1.482 -0.965 0.837 0.617
368 B 0.513 Q 0.214 -1.051 1.191 -1.062
369 B 0.000 S -1.625 -1.287 0.780 0.433
370 B 0.000 G -0.939 -0.930 0.907 0.010
371 B 2.273 N -0.502 -1.759 1.347 -0.933
372 B 2.017 S -1.193 -1.970 1.334 -0.583
373 B 1.736 Q -2.460 -2.463 0.918 -0.004
374 B 1.484 E -0.590 -2.191 1.281 -1.250
375 B 3.589 S 0.479 -0.694 2.052 -0.571
376 B 0.034 V -4.328 -2.122 1.366 1.614
377 B 1.851 T -1.937 -2.083 0.963 -0.152
378 B 0.920 E -0.774 -1.222 0.523 -0.857
379 B 1.986 Q -1.625 -2.245 1.156 -0.536
380 B 0.006 D 0.054 0.153 0.735 0.135
381 B 0.000 S -1.296 -1.208 0.932 0.094
382 B 0.000 K -1.479 -0.589 0.526 1.692
383 B 0.549 D -1.582 -1.039 0.752 0.722
384 B 1.084 S -1.304 -1.248 0.824 0.069
385 B 3.046 T 0.053 -0.203 1.229 -0.208
386 B 1.817 Y -1.544 -2.255 1.546 -0.460
387 B 3.864 S -0.234 -1.136 2.527 -0.357
388 B 1.439 L -6.589 -2.716 2.697 1.436
389 B 4.442 S 0.055 -2.463 4.433 -0.568
390 B 2.711 S -1.078 -2.755 3.517 -0.477
391 B 3.048 T -1.287 -1.630 2.267 -0.151
392 B 3.472 L -3.514 -1.633 2.099 0.896
393 B 2.000 T -3.000 -2.541 1.445 0.318
394 B 0.951 L -4.943 -3.255 1.431 1.180
395 B 0.084 S -1.359 -1.646 0.979 -0.293
396 B 3.010 K 1.127 -0.814 1.850 -1.049
397 B 0.000 A -0.085 0.195 0.567 0.493
398 B 0.223 D -2.225 -1.256 0.725 1.337
399 B 1.280 Y -0.839 -2.133 0.974 -1.329
400 B 0.006 E -2.168 -1.605 0.668 0.843
401 B 0.000 K -0.169 -0.588 0.714 -0.587
402 B 1.970 H -2.231 -1.822 1.099 0.372
403 B 2.992 K 1.088 -0.290 0.760 -1.812
404 B 3.052 V -1.845 -0.473 1.158 1.185
405 B 4.594 Y -3.970 -1.665 3.236 0.712
406 B 1.152 A -2.323 -2.356 1.692 -0.020
407 B 3.562 C -10.002 -2.457 5.217 1.446
408 B 1.697 E -1.660 -1.776 1.649 -0.070
409 B 3.944 V -8.384 -1.966 4.444 1.444
410 B 0.007 T -1.494 -1.571 0.675 -0.115
411 B 3.935 H -0.564 -2.216 4.951 -0.334
412 B 1.709 Q -1.171 -1.959 1.254 -0.628
413 B 1.038 G -1.011 -1.819 1.190 -0.679
414 B 0.993 L -4.661 -2.121 1.822 1.394
415 B 0.000 S -1.199 -1.129 0.306 0.228
416 B 0.000 S -0.457 -1.059 0.752 -0.801
417 B 0.000 P -0.821 -1.247 0.610 -0.699
418 B 0.999 V -5.118 -2.807 1.473 1.569
419 B 0.999 T -1.905 -1.998 1.197 -0.077
420 B 2.049 K -0.334 -2.973 2.439 -1.082
421 B 1.893 S -1.682 -2.268 1.104 -0.530
422 B 2.980 F -5.261 -1.478 2.389 1.584
423 B 1.999 N -0.599 -0.925 0.644 -0.506
424 B 2.354 R -2.047 -1.953 1.117 0.084
425 B 0.000 G -0.682 -0.777 0.434 -0.220
