1	1.253
2	-1.464
3	1.324
4	1.079
5	-1.411
6	-0.225
7	-0.369
8	-0.513
9	-0.407
10	1.313
11	1.583
12	-0.989
13	-1.383
14	-0.821
15	-0.344
16	-0.258
17	1.724
18	0.023
19	1.156
20	-0.458
21	1.889
22	-0.108
23	0.323
24	-0.672
25	-0.822
26	0.611
27	0.633
28	1.257
29	0.232
30	0.065
31	-1.025
32	0.768
33	1.192
34	-0.589
35	0.757
36	1.664
37	-0.341
38	-0.858
39	-1.118
40	0.342
41	-1.349
42	1.7
43	-0.902
44	1.147
45	-0.053
46	1.105
47	1.709
48	-0.668
49	1.425
50	1.326
51	-0.758
52	-0.363
53	-0.262
54	-0.228
55	-0.395
56	-0.447
57	0.985
58	-1.069
59	0.621
60	1.102
61	-0.27
62	1.737
63	-0.332
64	-0.461
65	0.46
66	1.463
67	-0.015
68	1.76
69	-0.641
70	-0.454
71	-1.071
72	0.448
73	0.923
74	0.237
75	-1.048
76	-0.415
77	1.66
78	-0.664
79	1.35
80	-0.551
81	1.002
82	-0.326
83	-0.245
84	0.922
85	2.338
86	0.733
87	-0.83
88	-0.673
89	-0.086
90	-0.148
91	1.472
92	0.782
93	0.47
94	1.744
95	0.07
96	-0.344
97	-1.418
98	0.659
99	0.091
100	-0.411
101	0.007
102	1.09
103	0.596
104	-0.841
105	-0.619
106	-0.211
107	-0.067
108	-0.898
109	-0.271
110	-0.492
111	0.978
112	1.312
113	0.097
114	1.405
115	-0.398
116	-0.508
117	0.058
118	0.029
119	-0.332
120	-0.671
121	-0.472
122	-1.033
123	-0.534
124	1.281
125	1.074
126	-1.162
127	1.242
128	0.436
129	-0.589
130	-0.48
131	0.705
132	0.222
133	0.046
134	1.027
135	0.644
136	1.384
137	-0.383
138	1.562
139	0.872
140	1.534
141	-1.6
142	-0.592
143	0.995
144	0.912
145	-1.154
146	-0.93
147	0.524
148	1.367
149	0.172
150	1.538
151	0.051
152	-0.356
153	-0.705
154	-0.119
155	-0.143
156	-0.576
157	1.608
158	-0.307
159	-0.407
160	-0.333
161	1.537
162	0.091
163	-0.402
164	1.553
165	-0.461
166	0.284
167	0.764
168	1.645
169	-1.18
170	0.085
171	-0.534
172	-0.584
173	1.173
174	0.176
175	-0.466
176	1.333
177	-0.609
178	-0.437
179	1.388
180	1.355
181	-0.292
182	1.392
183	-0.515
184	-0.51
185	-0.602
186	-0.415
187	0.955
188	0.04
189	0.419
190	-0.963
191	-0.252
192	-1.449
193	0.333
194	1.564
195	-0.074
196	1.207
197	0.264
198	-0.31
199	0.93
200	-0.962
201	-0.091
202	0.996
203	-0.77
204	1.047
205	1.325
206	-0.94
207	-1.485
208	-0.87
209	1.269
210	-0.525
211	-1.041
213	0.432
214	1.036
215	0.578
216	1.393
217	-0.16
218	-1.156
219	-0.299
220	-1.091
221	0.545
222	-0.182
223	1.623
224	0.348
225	1.017
226	0.34
227	1.53
228	-0.074
229	-0.995
230	-0.008
231	1.445
232	0.875
233	1.465
234	0.362
235	1.258
236	-0.466
237	0.869
238	-0.863
239	-0.807
240	-0.204
241	1.735
242	-0.369
243	-0.556
244	-1.519
245	1.307
246	0.698
247	0.629
248	0.203
249	-0.955
250	-0.636
251	0.337
252	0.306
253	-0.454
254	0.178
255	-0.445
256	0.024
257	-0.388
258	1.476
259	1.657
260	1.747
261	-0.682
262	-0.068
263	0.394
264	-0.2
265	-0.279
266	1.609
267	-0.886
268	-0.506
269	-0.092
270	1.496
271	-0.169
272	-0.189
273	-0.565
274	1.105
275	-0.12
276	-0.424
277	-0.428
278	-1.076
279	-0.47
280	-0.536
281	-0.15
282	-1.616
283	1.497
284	0.343
285	1.471
286	0.65
287	1.993
288	-0.553
289	-0.337
290	1.054
291	-0.612
292	-0.641
293	0.832
294	-1.052
295	1.227
296	1.711
297	-0.367
298	0.661
299	0.842
300	1.83
301	-1.032
302	-0.88
303	1.246
304	-1.499
305	-0.567
306	-0.141
307	-0.738
308	0.067
309	-0.13
310	-0.261
311	1.381
312	-0.132
313	0.04
314	-0.098
315	-0.271
316	-1.273
317	1.446
318	-0.677
319	1.327
320	-0.48
321	0.865
322	0.021
323	1.266
324	0.913
325	0.593
326	-1.177
327	-0.612
328	1.351
329	2.018
330	1.219
331	1.842
332	-0.236
333	-0.933
334	-0.025
335	-0.08
336	-0.546
337	-0.712
338	0.971
339	2.092
340	0.19
341	-0.305
342	0.337
343	-0.546
344	-0.569
345	1.634
346	1.32
347	1.673
348	1.319
349	1.055
350	-0.892
351	-0.013
352	1.283
353	0.96
354	-0.659
355	-0.487
356	0.391
357	0.64
358	1.992
359	1.607
360	0.358
361	1.772
362	-1.02
363	1.738
364	-0.497
365	-0.836
366	0.529
367	0.624
368	-1.05
369	0.456
370	0.009
371	-0.926
372	-0.571
373	-0.007
374	-1.243
375	-0.572
376	1.616
377	-0.134
378	-0.863
379	-0.538
380	0.246
381	0.094
382	1.693
383	0.737
384	0.152
385	-0.21
386	-0.45
387	-0.36
388	1.39
389	-0.573
390	-0.492
391	-0.141
392	0.913
393	0.332
394	1.176
395	-0.292
396	-1.083
397	0.38
398	1.345
399	-1.418
400	0.714
401	-0.459
402	0.367
403	-1.852
404	1.186
405	0.715
406	-0.024
407	1.461
408	0.009
409	1.444
410	0.093
411	-0.335
412	-0.615
413	-0.684
414	1.394
415	0.258
416	-0.801
417	-0.66
418	1.573
419	-0.162
420	-1.079
421	-0.535
422	1.597
423	-0.509
424	0.025
425	-0.236
