#Res ChainRes DensityRes AA NativeEnergy DecoyEnergy SDEnergy FrstIndex
1 A 3.075 V -2.967 -1.113 1.480 1.253
2 A 0.169 Q 0.382 -1.107 1.017 -1.464
3 A 4.763 L -7.703 -2.794 3.708 1.324
4 A 1.110 V -2.986 -2.127 0.797 1.079
5 A 5.892 E 2.920 -2.494 3.838 -1.411
6 A 1.985 S -1.282 -1.469 0.833 -0.225
7 A 1.848 G -1.218 -1.614 1.071 -0.369
8 A 2.671 G -0.565 -2.080 2.953 -0.513
9 A 2.544 G -0.864 -1.757 2.194 -0.407
10 A 1.679 L -3.102 -1.946 0.880 1.313
11 A 1.996 I -6.165 -2.348 2.411 1.583
12 A 0.963 Q -0.554 -1.456 0.913 -0.989
13 A 4.883 P 2.121 -0.932 2.208 -1.383
14 A 2.000 G -1.311 -1.939 0.765 -0.821
15 A 1.082 G -1.111 -1.694 1.693 -0.344
16 A 1.910 S -1.817 -1.977 0.623 -0.258
17 A 1.827 L -7.145 -3.068 2.365 1.724
18 A 1.995 R -1.727 -1.712 0.685 0.023
19 A 3.116 L -5.343 -2.138 2.773 1.156
20 A 4.030 S -0.287 -1.312 2.235 -0.458
21 A 2.698 C -8.576 -2.287 3.329 1.889
22 A 1.977 A -2.139 -2.259 1.112 -0.108
23 A 2.048 A -4.641 -3.915 2.248 0.323
24 A 0.238 S -0.894 -1.613 1.070 -0.672
25 A 1.004 G -1.074 -1.466 0.477 -0.822
26 A 1.004 F -2.291 -1.735 0.911 0.611
27 A 0.893 T -1.261 -0.820 0.697 0.633
28 A 3.020 V -4.601 -1.399 2.548 1.257
29 A 0.095 S -1.744 -1.564 0.772 0.232
30 A 1.000 S -1.281 -1.249 0.493 0.065
31 A 2.006 N 0.862 -1.702 2.502 -1.025
32 A 3.991 Y -3.514 -1.526 2.587 0.768
33 A 4.361 M -6.186 -1.909 3.588 1.192
34 A 3.249 S 0.021 -2.860 4.890 -0.589
35 A 4.900 W -8.069 -3.666 5.820 0.757
36 A 2.200 V -8.774 -3.311 3.283 1.664
37 A 1.490 R -1.858 -2.732 2.567 -0.341
38 A 1.991 Q -1.331 -2.907 1.837 -0.858
39 A 1.339 A -1.350 -2.393 0.933 -1.118
40 A 0.009 P -1.767 -1.554 0.624 0.342
41 A 0.000 G -0.444 -0.867 0.314 -1.349
42 A 0.000 K -2.499 -1.386 0.655 1.700
43 A 0.994 G -1.338 -2.125 0.873 -0.902
44 A 1.564 L -4.462 -2.549 1.668 1.147
45 A 0.035 E -2.547 -2.608 1.149 -0.053
46 A 3.345 W -4.384 -1.083 2.988 1.105
47 A 1.920 V -7.671 -2.429 3.068 1.709
48 A 3.461 S 0.906 -1.925 4.239 -0.668
49 A 3.600 V -6.075 -1.541 3.181 1.425
50 A 2.943 I -5.356 -1.547 2.873 1.326
51 A 1.000 Y -1.194 -2.050 1.130 -0.758
52 A 2.997 S -0.637 -1.129 1.356 -0.363
53 A 0.000 G -0.991 -1.222 0.884 -0.262
54 A 0.000 G -1.415 -1.636 0.966 -0.228
55 A 0.000 S -0.687 -1.039 0.891 -0.395
56 A 0.000 T -0.090 -0.991 2.015 -0.447
57 A 1.965 F -3.557 -1.980 1.600 0.985
58 A 0.993 Y -0.742 -2.589 1.728 -1.069
59 A 2.343 A -2.508 -1.071 2.313 0.621
60 A 0.066 D -0.840 -0.333 0.459 1.102
61 A 0.004 S -2.221 -2.621 1.482 -0.270
62 A 1.226 V -5.799 -2.917 1.659 1.737
63 A 0.000 K -0.970 -1.163 0.584 -0.332
64 A 0.000 G -1.012 -1.385 0.809 -0.461
65 A 2.093 R -2.642 -2.099 1.181 0.460
66 A 3.616 F -5.221 -1.277 2.696 1.463
67 A 0.014 T -1.690 -1.707 1.124 -0.015
68 A 1.995 I -9.538 -2.970 3.732 1.760
69 A 0.008 S -1.027 -1.816 1.232 -0.641
70 A 2.336 R -1.400 -2.481 2.379 -0.454
71 A 0.000 D 0.401 -0.640 0.972 -1.071
72 A 0.117 N -1.481 -1.298 0.408 0.448
73 A 0.000 S -0.665 -0.261 0.437 0.923
74 A 0.000 K -1.368 -1.268 0.422 0.237
75 A 2.892 N 0.496 -1.510 1.914 -1.048
76 A 2.804 T -0.355 -0.940 1.409 -0.415
77 A 3.035 L -8.106 -2.056 3.643 1.660
78 A 2.192 Y -1.008 -1.770 1.147 -0.664
79 A 2.190 L -7.694 -3.763 2.913 1.350
80 A 1.457 Q -1.840 -2.453 1.111 -0.551
81 A 2.924 M -6.505 -2.231 4.264 1.002
82A A 1.996 N -1.560 -1.857 0.909 -0.326
83B A 2.088 S -1.615 -1.750 0.555 -0.245
84C A 5.366 L -3.517 -0.640 3.120 0.922
85 A 1.897 R -1.914 -0.647 0.542 2.338
86 A 2.877 A -1.281 -0.426 1.167 0.733
87 A 0.000 E -0.105 -0.878 0.932 -0.830
88 A 1.458 D -1.900 -3.869 2.926 -0.673
89 A 3.796 T -1.612 -1.914 3.506 -0.086
90 A 2.330 A -3.046 -3.296 1.694 -0.148
91 A 3.530 V -3.887 -0.996 1.964 1.472
92 A 5.978 Y -5.609 -2.251 4.294 0.782
93 A 4.900 Y -4.354 -2.460 4.028 0.470
94 A 5.246 C -11.097 -2.456 4.955 1.744
95 A 1.975 A -3.289 -3.030 3.730 0.070
96 A 1.764 R -1.179 -2.091 2.647 -0.344
97 A 2.041 D 3.080 -2.147 3.686 -1.418
98 A 0.003 L -1.650 -0.997 0.990 0.659
99 A 0.988 G -1.505 -1.340 1.810 0.091
100 A 2.031 T -0.137 -0.815 1.649 -0.411
101 A 2.922 G -1.217 -1.196 2.918 0.007
102 A 2.981 L -3.554 -1.075 2.275 1.090
103A A 1.769 F -3.531 -2.348 1.984 0.596
104 A 1.115 D -0.153 -2.180 2.410 -0.841
105 A 1.977 Y -1.972 -3.205 1.991 -0.619
106 A 2.038 W -3.148 -3.471 1.531 -0.211
107 A 4.124 G -1.718 -1.880 2.421 -0.067
108 A 0.735 Q -0.617 -1.896 1.424 -0.898
109 A 3.999 G -1.721 -2.730 3.720 -0.271
110 A 5.130 T -0.631 -1.970 2.720 -0.492
111 A 2.495 L -2.804 -1.911 0.913 0.978
112 A 5.658 V -7.195 -1.887 4.046 1.312
113 A 3.669 T -0.489 -0.304 1.910 0.097
114 A 6.861 V -5.232 -0.335 3.485 1.405
115 A 1.589 S -1.382 -2.000 1.551 -0.398
116 A 1.962 S -0.430 -0.687 0.506 -0.508
117 A 1.727 A -1.478 -1.436 0.716 0.058
118 A 0.000 S -1.179 -1.164 0.537 0.029
119 A 2.570 T -0.429 -0.851 1.271 -0.332
120 A 2.263 K -1.184 -2.069 1.317 -0.671
121 A 2.873 G -0.538 -1.393 1.813 -0.472
122 A 4.201 P 2.220 -1.972 4.059 -1.033
123 A 2.577 S -0.663 -1.236 1.074 -0.534
124 A 4.398 V -5.267 -1.300 3.098 1.281
125 A 3.887 F -1.732 -0.228 1.400 1.074
126 A 2.689 P 0.621 -1.955 2.218 -1.162
127 A 1.347 L -8.371 -3.817 3.666 1.242
128 A 2.114 A -1.778 -1.162 1.414 0.436
129 A 1.954 P -0.794 -2.081 2.186 -0.589
130 A 0.002 S -1.069 -1.871 1.670 -0.480
131 A 0.996 G -0.889 -0.665 0.318 0.705
132 A 0.174 G -1.301 -1.229 0.324 0.222
133 A 1.660 T -1.554 -1.528 0.550 0.046
134 A 2.934 A -4.002 -1.346 2.586 1.027
135 A 3.050 A -4.221 -2.082 3.323 0.644
136 A 2.826 L -9.756 -3.127 4.788 1.384
137 A 4.229 G -1.111 -2.923 4.730 -0.383
138 A 3.936 C -11.114 -2.418 5.565 1.562
139 A 3.016 L -3.184 -0.831 2.698 0.872
140 A 3.188 V -9.105 -2.692 4.182 1.534
141 A 3.101 K 2.987 -1.499 2.804 -1.600
142 A 2.369 D -1.475 -2.107 1.067 -0.592
143 A 4.547 Y -3.321 -0.850 2.483 0.995
144 A 4.866 F -2.590 -0.642 2.136 0.912
145 A 3.977 P 1.387 -0.446 1.589 -1.154
146 A 1.537 E -1.345 -2.893 1.664 -0.930
147 A 0.002 P -2.020 -1.660 0.687 0.524
148 A 4.853 V -5.540 -0.979 3.336 1.367
149 A 0.009 T -2.102 -1.944 0.923 0.172
150 A 3.030 V -7.999 -2.794 3.385 1.538
151 A 0.109 S -2.796 -2.740 1.107 0.051
152 A 2.017 W -2.530 -3.522 2.788 -0.356
153 A 1.164 N -1.537 -2.384 1.200 -0.705
154 A 0.991 S -1.115 -1.260 1.225 -0.119
155 A 0.000 G -0.335 -0.495 1.111 -0.143
156 A 0.000 A -0.138 -0.532 0.683 -0.576
157 A 0.150 L -4.374 -2.300 1.290 1.608
158 A 0.000 T -0.980 -1.374 1.288 -0.307
159 A 0.000 S -1.256 -1.669 1.017 -0.407
160 A 2.000 G -1.914 -2.374 1.378 -0.333
161 A 0.897 V -5.251 -2.544 1.762 1.537
162 A 2.922 H -1.470 -1.279 2.113 0.091
163 A 1.356 T -2.615 -3.474 2.135 -0.402
164 A 3.186 F -6.015 -1.427 2.953 1.553
165 A 0.963 P -1.845 -2.177 0.719 -0.461
166 A 0.998 A -2.420 -1.985 1.535 0.284
167 A 1.667 V -1.971 -1.274 0.912 0.764
168 A 0.000 L -3.473 -1.701 1.078 1.645
169 A 0.034 Q 0.517 -0.780 1.099 -1.180
170 A 0.000 S -1.404 -1.365 0.454 0.085
171 A 0.004 S -0.481 -1.025 1.017 -0.534
172 A 0.775 G -0.684 -1.563 1.506 -0.584
173 A 2.657 L -1.801 -0.581 1.040 1.173
174 A 2.536 Y -2.865 -2.440 2.419 0.176
175 A 1.366 S -1.028 -1.766 1.583 -0.466
176 A 1.338 L -6.961 -3.187 2.831 1.333
177 A 3.438 S -0.056 -2.883 4.644 -0.609
178 A 3.408 S -1.521 -3.476 4.473 -0.437
179 A 3.843 V -9.169 -2.963 4.470 1.388
180 A 4.688 V -7.515 -2.399 3.775 1.355
181 A 3.974 T -0.832 -1.560 2.491 -0.292
182 A 1.020 V -5.628 -2.896 1.963 1.392
183 A 0.013 P -0.714 -1.001 0.558 -0.515
184 A 2.674 S -0.632 -1.348 1.405 -0.510
185 A 0.000 S -0.724 -1.162 0.726 -0.602
186 A 0.000 S -0.367 -0.746 0.914 -0.415
187 A 2.996 L -1.882 -0.218 1.742 0.955
188 A 0.011 G -1.435 -1.394 1.023 0.040
189 A 0.000 T -1.198 -1.014 0.439 0.419
190 A 0.000 Q -1.062 -1.902 0.873 -0.963
191 A 0.947 T -1.325 -1.487 0.641 -0.252
192 A 2.178 Y -0.760 -3.534 1.914 -1.449
193 A 3.361 I -0.282 0.038 0.962 0.333
194 A 5.319 C -9.633 -2.117 4.806 1.564
195 A 1.112 N -2.138 -2.233 1.283 -0.074
196 A 4.944 V -6.490 -2.132 3.609 1.207
197 A 0.974 N -1.770 -1.590 0.684 0.264
198 A 3.932 H -0.028 -0.973 3.049 -0.310
199 A 0.002 K -2.498 -1.631 0.932 0.930
200 A 1.999 P -1.151 -2.116 1.004 -0.962
201 A 0.515 S -2.219 -2.303 0.929 -0.091
202 A 0.000 N -2.520 -1.540 0.984 0.996
203 A 1.960 T -0.766 -1.829 1.381 -0.770
204 A 0.000 K -2.566 -1.680 0.846 1.047
205 A 0.410 V -2.786 -1.833 0.719 1.325
206 A 1.000 D -1.505 -2.201 0.740 -0.940
207 A 4.344 K 4.302 -2.313 4.456 -1.485
208 A 1.954 K -0.266 -1.090 0.946 -0.870
209 A 5.597 V -6.074 -1.645 3.491 1.269
210 A 0.112 E -0.542 -1.063 0.993 -0.525
211 A 2.957 P 0.870 -1.261 2.047 -1.041
213 B 0.000 D -2.030 -1.589 1.021 0.432
214 B 5.974 I -2.152 -0.173 1.911 1.036
215 B 0.338 Q -2.185 -1.733 0.784 0.578
216 B 5.006 L -7.660 -2.657 3.590 1.393
217 B 1.035 T -2.355 -2.474 0.744 -0.160
218 B 6.201 Q 2.572 -0.893 2.996 -1.156
219 B 1.028 S -1.555 -1.749 0.647 -0.299
220 B 1.613 P 0.064 -1.913 1.813 -1.091
221 B 0.779 S -2.383 -2.011 0.681 0.545
222 B 1.000 F -0.630 -0.695 0.359 -0.182
223 B 1.655 L -4.352 -1.962 1.473 1.623
224 B 1.138 S -2.986 -2.636 1.005 0.348
225 B 2.988 A -4.844 -1.278 3.507 1.017
226 B 0.978 S -0.910 -0.757 0.449 0.340
227 B 2.166 V -3.715 -2.028 1.103 1.530
228 B 1.802 G -2.412 -2.477 0.887 -0.074
229 B 0.959 D -0.460 -2.130 1.678 -0.995
230 B 1.215 R -1.975 -1.980 0.659 -0.008
231 B 1.209 V -5.840 -2.744 2.142 1.445
232 B 1.989 T -2.518 -1.888 0.720 0.875
233 B 3.363 I -6.734 -2.236 3.071 1.465
234 B 2.211 T -2.392 -2.036 0.985 0.362
235 B 2.128 C -5.945 -3.074 2.283 1.258
236 B 3.000 R -0.339 -0.922 1.250 -0.466
237 B 3.344 A -4.749 -1.784 3.412 0.869
238 B 1.291 S -0.898 -2.010 1.290 -0.863
239 B 1.016 Q -0.837 -1.893 1.307 -0.807
240 B 1.033 G -0.946 -1.170 1.094 -0.204
241 B 2.955 I -7.019 -1.463 3.201 1.735
242 B 1.986 S -0.447 -0.892 1.204 -0.369
243 B 2.148 S -0.950 -2.221 2.288 -0.556
244 B 1.031 Y -0.078 -1.893 1.195 -1.519
245 B 4.618 L -7.727 -2.404 4.074 1.307
246 B 4.307 A -5.832 -2.560 4.691 0.698
247 B 2.815 W -5.717 -3.180 4.036 0.629
248 B 1.055 Y -2.758 -2.267 2.418 0.203
249 B 1.986 Q -0.955 -2.623 1.747 -0.955
250 B 1.960 Q -1.900 -2.667 1.205 -0.636
251 B 0.994 K -2.101 -1.801 0.891 0.337
252 B 0.925 P -1.280 -1.086 0.633 0.306
253 B 0.000 G -1.019 -1.314 0.651 -0.454
254 B 0.000 K -1.625 -1.356 1.509 0.178
255 B 2.236 A -1.871 -2.636 1.718 -0.445
256 B 0.535 P -3.477 -3.440 1.517 0.024
257 B 0.000 K -1.674 -2.184 1.315 -0.388
258 B 1.896 L -6.087 -2.255 2.596 1.476
259 B 0.999 L -5.817 -2.124 2.228 1.657
260 B 2.285 I -8.748 -3.001 3.289 1.747
261 B 1.720 Y -1.504 -3.169 2.440 -0.682
262 B 1.000 A -1.270 -1.383 1.657 -0.068
263 B 4.686 A -3.404 -2.092 3.333 0.394
264 B 1.012 S -1.819 -2.138 1.595 -0.200
265 B 0.000 T -1.280 -1.569 1.035 -0.279
266 B 0.000 L -5.098 -2.500 1.614 1.609
267 B 0.128 Q 0.221 -2.459 3.023 -0.886
268 B 0.000 S -1.250 -1.464 0.422 -0.506
269 B 0.000 G -1.119 -1.163 0.479 -0.092
270 B 0.000 V -4.401 -2.104 1.535 1.496
271 B 0.000 P -1.703 -1.827 0.734 -0.169
272 B 0.000 S -1.520 -1.609 0.474 -0.189
273 B 2.651 R -0.311 -1.148 1.482 -0.565
274 B 2.291 F -5.973 -3.071 2.625 1.105
275 B 0.014 S -2.603 -2.719 0.965 -0.120
276 B 1.668 G -1.090 -2.343 2.954 -0.424
277 B 0.991 S -1.641 -2.029 0.906 -0.428
278 B 1.022 G -0.247 -1.844 1.484 -1.076
279 B 2.993 S -0.386 -1.221 1.778 -0.470
280 B 2.071 G -1.172 -1.967 1.483 -0.536
281 B 2.883 T -1.112 -1.336 1.496 -0.150
282 B 1.033 E -0.816 -1.623 0.499 -1.616
283 B 2.973 F -7.231 -2.283 3.306 1.497
284 B 1.997 T -1.613 -1.328 0.833 0.343
285 B 2.981 L -8.923 -2.864 4.120 1.471
286 B 1.030 T -2.114 -1.481 0.973 0.650
287 B 2.119 I -6.654 -2.926 1.870 1.993
288 B 1.647 S -1.086 -1.577 0.887 -0.553
289 B 2.128 S -1.806 -2.069 0.779 -0.337
290 B 4.852 L -3.917 -0.950 2.815 1.054
291 B 0.175 Q -1.036 -1.485 0.735 -0.612
292 B 1.000 P -1.140 -2.127 1.540 -0.641
293 B 0.000 E -1.318 -0.973 0.415 0.832
294 B 0.003 D -0.436 -2.835 2.280 -1.052
295 B 2.991 F -3.110 -0.990 1.728 1.227
296 B 3.795 A -0.796 0.691 0.869 1.711
297 B 2.830 T -0.195 -0.635 1.199 -0.367
298 B 5.644 Y -5.291 -2.419 4.344 0.661
299 B 3.843 Y -3.441 -1.208 2.652 0.842
300 B 4.530 C -10.132 -1.935 4.481 1.830
301 B 0.860 Q 0.520 -3.615 4.007 -1.032
302 B 5.365 Q 1.294 -2.193 3.962 -0.880
303 B 3.716 L -4.792 -1.472 2.665 1.246
304 B 1.023 D 0.628 -1.564 1.462 -1.499
305 B 1.000 S -1.128 -1.586 0.808 -0.567
306 B 0.971 Y -0.735 -0.903 1.186 -0.141
307 B 6.659 P 1.449 -1.594 4.123 -0.738
308A B 1.095 P -2.975 -2.844 1.946 0.067
309 B 0.995 G -1.660 -1.891 1.788 -0.130
310 B 2.045 T -2.987 -3.468 1.845 -0.261
311 B 1.666 F -4.722 -2.518 1.595 1.381
312 B 2.025 G -1.905 -2.026 0.919 -0.132
313 B 1.046 P -2.165 -2.137 0.707 0.040
314 B 3.863 G -1.696 -1.983 2.914 -0.098
315 B 4.799 T -0.904 -1.786 3.254 -0.271
316 B 1.722 K -0.467 -1.731 0.992 -1.273
317 B 3.993 V -8.947 -2.450 4.494 1.446
318 B 2.992 D 0.632 -0.468 1.626 -0.677
319 B 2.599 I -2.993 -1.391 1.208 1.327
320 B 2.004 K -1.881 -2.252 0.772 -0.480
321 B 1.362 R -3.389 -2.445 1.092 0.865
322 B 0.003 T -1.079 -1.072 0.319 0.021
323 B 2.964 V -2.171 -0.834 1.056 1.266
324 B 2.957 A -1.761 -0.841 1.008 0.913
325 B 2.930 A -3.821 -2.016 3.041 0.593
326 B 3.079 P 1.840 -2.112 3.359 -1.177
327 B 0.855 S -0.991 -1.824 1.361 -0.612
328 B 4.428 V -8.016 -2.107 4.374 1.351
329 B 0.239 F -7.034 -3.802 1.602 2.018
330 B 2.973 I -6.550 -2.697 3.161 1.219
331 B 0.187 F -7.528 -3.528 2.172 1.842
332 B 1.867 P -2.692 -3.172 2.035 -0.236
333 B 0.634 P -0.483 -3.119 2.827 -0.933
334 B 1.715 S -1.685 -1.708 0.940 -0.025
335 B 0.000 D -1.592 -1.644 0.660 -0.080
336 B 1.000 E -0.876 -1.237 0.661 -0.546
337 B 0.990 Q -0.226 -0.951 1.018 -0.712
338 B 1.007 L -1.322 -0.550 0.794 0.971
339 B 0.000 K -2.825 -0.823 0.957 2.092
340 B 0.578 S -1.895 -1.748 0.774 0.190
341 B 1.000 G -1.067 -1.242 0.573 -0.305
342 B 0.020 T -2.075 -1.733 1.018 0.337
343 B 1.945 A -2.060 -2.746 1.257 -0.546
344 B 3.625 S 1.660 -0.405 3.630 -0.569
345 B 2.089 V -6.744 -2.307 2.716 1.634
346 B 4.239 V -6.914 -2.153 3.607 1.320
347 B 1.695 C -8.579 -3.560 3.001 1.673
348 B 3.199 L -7.453 -2.486 3.765 1.319
349 B 2.951 L -6.619 -2.681 3.733 1.055
350 B 3.070 N 1.205 -1.521 3.058 -0.892
351 B 2.918 N -0.856 -0.871 1.141 -0.013
352 B 4.963 F -7.415 -1.898 4.301 1.283
353 B 4.127 Y -2.380 -0.701 1.749 0.960
354 B 0.704 P -1.124 -1.660 0.813 -0.659
355 B 0.269 R -1.915 -2.389 0.973 -0.487
356 B 0.000 E -0.706 -0.494 0.543 0.391
357 B 2.119 A -4.155 -2.695 2.282 0.640
358 B 0.017 K -2.943 -1.420 0.764 1.992
359 B 2.559 V -6.555 -2.711 2.392 1.607
360 B 0.768 Q -3.069 -2.742 0.914 0.358
361 B 1.474 W -6.024 -3.243 1.570 1.772
362 B 0.981 K -0.165 -1.557 1.365 -1.020
363 B 1.982 V -6.851 -2.689 2.394 1.738
364 B 2.980 D 0.236 -0.541 1.565 -0.497
365 B 0.020 N -0.357 -0.926 0.680 -0.836
366 B 0.000 A -0.526 -0.286 0.454 0.529
367 B 0.000 L -1.504 -0.980 0.840 0.624
368 B 0.513 Q 0.062 -1.151 1.155 -1.050
369 B 0.000 S -1.648 -1.291 0.782 0.456
370 B 0.000 G -0.939 -0.932 0.906 0.009
371 B 2.239 N -0.531 -1.765 1.333 -0.926
372 B 2.033 S -1.386 -2.091 1.234 -0.571
373 B 1.703 Q -2.421 -2.427 0.900 -0.007
374 B 1.562 E -0.457 -2.254 1.446 -1.243
375 B 3.547 S 0.464 -0.699 2.034 -0.572
376 B 0.079 V -4.386 -2.175 1.368 1.616
377 B 1.747 T -1.976 -2.106 0.965 -0.134
378 B 0.925 E -0.767 -1.216 0.521 -0.863
379 B 1.988 Q -1.623 -2.244 1.155 -0.538
380 B 0.010 D -0.061 0.116 0.719 0.246
381 B 0.000 S -1.296 -1.208 0.932 0.094
382 B 0.000 K -1.477 -0.588 0.525 1.693
383 B 0.629 D -1.591 -1.029 0.763 0.737
384 B 1.010 S -1.329 -1.204 0.821 0.152
385 B 3.031 T 0.044 -0.213 1.223 -0.210
386 B 1.840 Y -1.561 -2.265 1.563 -0.450
387 B 3.870 S -0.233 -1.140 2.523 -0.360
388 B 1.575 L -6.319 -2.635 2.650 1.390
389 B 4.446 S 0.063 -2.481 4.444 -0.573
390 B 2.840 S -0.850 -2.648 3.656 -0.492
391 B 3.057 T -1.294 -1.612 2.257 -0.141
392 B 3.532 L -3.575 -1.650 2.109 0.913
393 B 2.001 T -3.018 -2.537 1.447 0.332
394 B 0.921 L -4.973 -3.277 1.442 1.176
395 B 0.069 S -1.315 -1.599 0.971 -0.292
396 B 3.018 K 1.150 -0.849 1.846 -1.083
397 B 0.000 A -0.204 0.007 0.555 0.380
398 B 0.195 D -2.210 -1.230 0.729 1.345
399 B 1.210 Y -0.812 -2.179 0.965 -1.418
400 B 0.008 E -2.137 -1.653 0.677 0.714
401 B 0.000 K -0.273 -0.570 0.646 -0.459
402 B 1.985 H -2.213 -1.810 1.102 0.367
403 B 2.994 K 1.088 -0.287 0.743 -1.852
404 B 3.024 V -1.840 -0.486 1.142 1.186
405 B 4.721 Y -3.947 -1.631 3.240 0.715
406 B 1.153 A -2.314 -2.354 1.686 -0.024
407 B 3.396 C -10.113 -2.507 5.205 1.461
408 B 1.641 E -1.869 -1.854 1.590 0.009
409 B 3.964 V -8.419 -2.001 4.446 1.444
410 B 0.009 T -1.705 -1.640 0.704 0.093
411 B 3.935 H -0.565 -2.230 4.972 -0.335
412 B 1.601 Q -1.272 -2.019 1.214 -0.615
413 B 1.038 G -1.010 -1.823 1.187 -0.684
414 B 0.993 L -4.678 -2.128 1.829 1.394
415 B 0.000 S -1.185 -1.108 0.298 0.258
416 B 0.000 S -0.459 -1.060 0.750 -0.801
417 B 0.000 P -0.861 -1.255 0.597 -0.660
418 B 0.999 V -5.113 -2.792 1.476 1.573
419 B 0.999 T -1.706 -1.909 1.255 -0.162
420 B 2.004 K -0.349 -2.969 2.427 -1.079
421 B 1.933 S -1.673 -2.267 1.111 -0.535
422 B 2.971 F -5.339 -1.512 2.396 1.597
423 B 1.999 N -0.599 -0.926 0.642 -0.509
424 B 2.405 R -1.965 -1.937 1.143 0.025
425 B 0.000 G -0.689 -0.796 0.455 -0.236
